  0   0.50   24.82
  1   1.50   45.14
  2   2.50   53.24
  3   3.50   64.16
  4   4.50   78.96
  5   5.50   90.05
  6   6.50  101.60
  7   7.50  116.33
  8   8.50  128.54
  9   9.50  136.60
 10  10.50  146.15
 11  11.50  155.12
 12  12.50  161.27
 13  13.50  163.18
 14  14.50  167.70
 15  15.50  175.10
 16  16.50  180.35
 17  17.50  176.80
 18  18.50  171.34
 19  19.50  171.06
 20  20.50  172.47
 21  21.50  170.70
 22  22.50  171.25
 23  23.50  171.63
 24  24.50  170.22
 25  25.50  170.84
 26  26.50  174.71
 27  27.50  176.46
 28  28.50  175.48
 29  29.50  173.52
 30  30.50  171.59
 31  31.50  171.16
 32  32.50  171.14
 33  33.50  169.09
 34  34.50  165.06
 35  35.50  160.61
 36  36.50  161.38
 37  37.50  162.04
 38  38.50  162.56
 39  39.50  161.40
 40  40.50  162.96
 41  41.50  160.40
 42  42.50  152.66
 43  43.50  140.79
 44  44.50  129.66
 45  45.50  110.92
 46  46.50   85.62
 47  47.50   63.79
 48  48.50   47.73
 49  49.50   32.52
 50  50.50   20.17
 51  51.50   11.98
 52  52.50    8.44
 53  53.50    5.87
 54  54.50    2.63
 55  55.50    0.55
 56  56.50    0.11
 57  57.50    0.00
 58  58.50    0.00
 59  59.50    0.00
 60  60.50    0.00
 61  61.50    0.00
 62  62.50    0.00
 63  63.50    0.00
 64  64.50    0.00
 65  65.50    0.00
 66  66.50    0.00
 67  67.50    0.00
 68  68.50    0.00
 69  69.50    0.00
 70  70.50    0.00
 71  71.50    0.00
 72  72.50    0.00
 73  73.50    0.00
 74  74.50    0.00
 75  75.50    0.00
 76  76.50    0.00
 77  77.50    0.00
 78  78.50    0.00
 79  79.50    0.00
 80  80.50    0.00
 81  81.50    0.00
 82  82.50    0.00
 83  83.50    0.00
 84  84.50    0.00
 85  85.50    0.00
 86  86.50    0.00
 87  87.50    0.00
 88  88.50    0.00
 89  89.50    0.00
 90  90.50    0.00
 91  91.50    0.00
 92  92.50    0.00
 93  93.50    0.00
 94  94.50    0.00
 95  95.50    0.00
 96  96.50    0.00
 97  97.50    0.00
 98  98.50    0.00
 99  99.50    0.00
