  0   0.50    0.00
  1   1.50    0.00
  2   2.50    0.00
  3   3.50    0.28
  4   4.50    1.19
  5   5.50    1.51
  6   6.50    1.19
  7   7.50    0.41
  8   8.50    0.00
  9   9.50    0.00
 10  10.50    0.00
 11  11.50    0.00
 12  12.50    0.00
 13  13.50    0.00
 14  14.50    0.00
 15  15.50    0.00
 16  16.50    0.00
 17  17.50    0.00
 18  18.50    0.00
 19  19.50    0.00
 20  20.50    0.00
 21  21.50    0.00
 22  22.50    0.00
 23  23.50    0.00
 24  24.50    0.00
 25  25.50    0.00
 26  26.50    0.00
 27  27.50    0.00
 28  28.50    0.00
 29  29.50    0.35
 30  30.50    0.62
 31  31.50    0.90
 32  32.50    1.28
 33  33.50    1.98
 34  34.50    2.77
 35  35.50    3.16
 36  36.50    3.85
 37  37.50    4.46
 38  38.50    5.55
 39  39.50    7.98
 40  40.50   12.18
 41  41.50   18.16
 42  42.50   27.74
 43  43.50   40.38
 44  44.50   58.73
 45  45.50   79.80
 46  46.50  101.44
 47  47.50  123.65
 48  48.50  144.71
 49  49.50  157.88
 50  50.50  165.38
 51  51.50  168.93
 52  52.50  170.86
 53  53.50  172.34
 54  54.50  173.29
 55  55.50  172.11
 56  56.50  165.86
 57  57.50  152.74
 58  58.50  138.04
 59  59.50  123.75
 60  60.50  107.45
 61  61.50   89.69
 62  62.50   71.09
 63  63.50   52.39
 64  64.50   36.80
 65  65.50   25.62
 66  66.50   16.79
 67  67.50    9.95
 68  68.50    5.55
 69  69.50    3.08
 70  70.50    1.23
 71  71.50    0.00
 72  72.50    0.00
 73  73.50    0.00
 74  74.50    0.00
 75  75.50    0.00
 76  76.50    0.00
 77  77.50    0.00
 78  78.50    0.00
 79  79.50    0.00
 80  80.50    0.00
 81  81.50    0.00
 82  82.50    0.00
 83  83.50    0.00
 84  84.50    0.00
 85  85.50    0.00
 86  86.50    0.00
 87  87.50    0.00
 88  88.50    0.00
 89  89.50    0.39
 90  90.50    1.23
 91  91.50    1.53
 92  92.50    1.96
 93  93.50    2.67
 94  94.50    3.42
 95  95.50    2.70
 96  96.50    0.90
 97  97.50    0.03
 98  98.50    0.00
 99  99.50    0.00
