  0   0.50    0.35
  1   1.50    2.01
  2   2.50    1.31
  3   3.50    0.53
  4   4.50    0.15
  5   5.50    1.43
  6   6.50    2.77
  7   7.50    2.52
  8   8.50    2.92
  9   9.50    3.89
 10  10.50    3.47
 11  11.50    2.50
 12  12.50    2.04
 13  13.50    1.38
 14  14.50    0.03
 15  15.50    0.00
 16  16.50    0.00
 17  17.50    0.00
 18  18.50    0.00
 19  19.50    0.00
 20  20.50    0.00
 21  21.50    0.00
 22  22.50    0.00
 23  23.50    0.00
 24  24.50    0.00
 25  25.50    0.00
 26  26.50    0.00
 27  27.50    0.00
 28  28.50    0.00
 29  29.50    0.00
 30  30.50    0.00
 31  31.50    0.00
 32  32.50    0.00
 33  33.50    0.05
 34  34.50    0.36
 35  35.50    1.09
 36  36.50    1.96
 37  37.50    2.93
 38  38.50    5.54
 39  39.50   10.56
 40  40.50   18.51
 41  41.50   32.06
 42  42.50   51.54
 43  43.50   75.03
 44  44.50  101.18
 45  45.50  125.67
 46  46.50  145.33
 47  47.50  162.59
 48  48.50  176.42
 49  49.50  181.26
 50  50.50  181.94
 51  51.50  178.97
 52  52.50  172.57
 53  53.50  167.24
 54  54.50  161.45
 55  55.50  150.19
 56  56.50  134.92
 57  57.50  120.89
 58  58.50  108.19
 59  59.50   95.20
 60  60.50   79.08
 61  61.50   63.18
 62  62.50   47.30
 63  63.50   32.41
 64  64.50   21.69
 65  65.50   14.88
 66  66.50    9.32
 67  67.50    5.12
 68  68.50    2.29
 69  69.50    0.30
 70  70.50    0.00
 71  71.50    0.00
 72  72.50    0.00
 73  73.50    0.00
 74  74.50    0.00
 75  75.50    0.00
 76  76.50    0.00
 77  77.50    0.00
 78  78.50    0.00
 79  79.50    0.00
 80  80.50    0.00
 81  81.50    0.00
 82  82.50    0.00
 83  83.50    0.00
 84  84.50    0.00
 85  85.50    0.00
 86  86.50    0.00
 87  87.50    0.00
 88  88.50    0.00
 89  89.50    0.00
 90  90.50    0.00
 91  91.50    0.00
 92  92.50    0.00
 93  93.50    0.00
 94  94.50    0.00
 95  95.50    0.00
 96  96.50    0.00
 97  97.50    0.00
 98  98.50    0.00
 99  99.50    0.00
