  0   0.50    0.00
  1   1.50    0.00
  2   2.50    0.00
  3   3.50    0.00
  4   4.50    0.00
  5   5.50    0.00
  6   6.50    0.00
  7   7.50    0.00
  8   8.50    0.00
  9   9.50    0.00
 10  10.50    0.00
 11  11.50    0.00
 12  12.50    0.00
 13  13.50    0.00
 14  14.50    0.00
 15  15.50    0.00
 16  16.50    0.00
 17  17.50    0.00
 18  18.50    0.00
 19  19.50    0.00
 20  20.50    0.00
 21  21.50    0.00
 22  22.50    0.00
 23  23.50    0.00
 24  24.50    0.00
 25  25.50    0.00
 26  26.50    0.00
 27  27.50    0.00
 28  28.50    0.00
 29  29.50    0.00
 30  30.50    0.00
 31  31.50    0.00
 32  32.50    0.00
 33  33.50    0.00
 34  34.50    0.00
 35  35.50    0.51
 36  36.50    0.82
 37  37.50    1.36
 38  38.50    3.01
 39  39.50    6.03
 40  40.50   10.21
 41  41.50   17.56
 42  42.50   33.09
 43  43.50   54.73
 44  44.50   79.08
 45  45.50  105.44
 46  46.50  131.84
 47  47.50  148.05
 48  48.50  155.53
 49  49.50  159.49
 50  50.50  164.27
 51  51.50  166.52
 52  52.50  159.25
 53  53.50  142.95
 54  54.50  124.73
 55  55.50  106.74
 56  56.50   88.25
 57  57.50   74.44
 58  58.50   61.90
 59  59.50   49.37
 60  60.50   37.26
 61  61.50   27.11
 62  62.50   18.79
 63  63.50   13.15
 64  64.50    9.10
 65  65.50    5.44
 66  66.50    2.61
 67  67.50    0.70
 68  68.50    0.00
 69  69.50    0.00
 70  70.50    0.00
 71  71.50    0.00
 72  72.50    0.00
 73  73.50    0.00
 74  74.50    0.00
 75  75.50    0.00
 76  76.50    0.00
 77  77.50    0.00
 78  78.50    0.00
 79  79.50    0.00
 80  80.50    0.00
 81  81.50    0.00
 82  82.50    0.00
 83  83.50    0.00
 84  84.50    0.00
 85  85.50    0.00
 86  86.50    0.00
 87  87.50    0.00
 88  88.50    0.57
 89  89.50    1.26
 90  90.50    1.55
 91  91.50    0.89
 92  92.50    1.07
 93  93.50    2.15
 94  94.50    3.31
 95  95.50    4.94
 96  96.50    5.89
 97  97.50    6.47
 98  98.50    6.82
 99  99.50    3.47
