  0   0.50   44.75
  1   1.50   65.38
  2   2.50   65.46
  3   3.50   66.69
  4   4.50   68.23
  5   5.50   65.56
  6   6.50   59.56
  7   7.50   54.69
  8   8.50   50.29
  9   9.50   43.88
 10  10.50   35.28
 11  11.50   25.82
 12  12.50   17.31
 13  13.50   11.50
 14  14.50    6.93
 15  15.50    3.41
 16  16.50    0.75
 17  17.50    0.00
 18  18.50    0.00
 19  19.50    0.00
 20  20.50    0.00
 21  21.50    0.00
 22  22.50    0.00
 23  23.50    0.00
 24  24.50    0.00
 25  25.50    0.00
 26  26.50    0.00
 27  27.50    0.00
 28  28.50    0.00
 29  29.50    0.00
 30  30.50    0.00
 31  31.50    0.00
 32  32.50    0.00
 33  33.50    0.00
 34  34.50    0.00
 35  35.50    0.00
 36  36.50    0.00
 37  37.50    0.00
 38  38.50    0.00
 39  39.50    0.00
 40  40.50    0.00
 41  41.50    0.00
 42  42.50    0.00
 43  43.50    0.00
 44  44.50    0.00
 45  45.50    0.00
 46  46.50    0.00
 47  47.50    0.00
 48  48.50    0.00
 49  49.50    0.00
 50  50.50    0.00
 51  51.50    0.00
 52  52.50    0.00
 53  53.50    0.00
 54  54.50    0.00
 55  55.50    0.00
 56  56.50    0.00
 57  57.50    0.00
 58  58.50    0.00
 59  59.50    0.00
 60  60.50    0.00
 61  61.50    0.00
 62  62.50    0.00
 63  63.50    0.00
 64  64.50    0.00
 65  65.50    0.00
 66  66.50    0.00
 67  67.50    0.00
 68  68.50    0.00
 69  69.50    0.00
 70  70.50    0.00
 71  71.50    0.00
 72  72.50    0.00
 73  73.50    0.00
 74  74.50    0.00
 75  75.50    0.00
 76  76.50    0.00
 77  77.50    0.00
 78  78.50    0.00
 79  79.50    0.28
 80  80.50    1.37
 81  81.50    2.48
 82  82.50    3.90
 83  83.50    6.22
 84  84.50    9.21
 85  85.50   12.51
 86  86.50   16.99
 87  87.50   22.73
 88  88.50   28.35
 89  89.50   34.10
 90  90.50   39.86
 91  91.50   46.05
 92  92.50   50.85
 93  93.50   56.43
 94  94.50   60.81
 95  95.50   61.04
 96  96.50   58.63
 97  97.50   60.15
 98  98.50   59.91
 99  99.50   38.71
