  0   0.50    2.79
  1   1.50    6.19
  2   2.50    8.31
  3   3.50   15.53
  4   4.50   23.46
  5   5.50   33.27
  6   6.50   45.44
  7   7.50   57.70
  8   8.50   65.62
  9   9.50   71.25
 10  10.50   66.10
 11  11.50   52.18
 12  12.50   38.63
 13  13.50   29.14
 14  14.50   29.06
 15  15.50   40.23
 16  16.50   51.69
 17  17.50   64.65
 18  18.50   72.88
 19  19.50   68.02
 20  20.50   57.05
 21  21.50   51.39
 22  22.50   42.27
 23  23.50   34.95
 24  24.50   32.36
 25  25.50   31.78
 26  26.50   35.11
 27  27.50   47.99
 28  28.50   66.85
 29  29.50   85.92
 30  30.50  114.12
 31  31.50  151.13
 32  32.50  176.30
 33  33.50  172.00
 34  34.50  156.30
 35  35.50  136.81
 36  36.50  106.23
 37  37.50   70.99
 38  38.50   47.86
 39  39.50   31.74
 40  40.50   17.10
 41  41.50    7.92
 42  42.50    4.47
 43  43.50    2.09
 44  44.50    0.42
 45  45.50    0.00
 46  46.50    0.00
 47  47.50    0.00
 48  48.50    0.00
 49  49.50    0.00
 50  50.50    0.00
 51  51.50    0.00
 52  52.50    0.00
 53  53.50    0.00
 54  54.50    0.00
 55  55.50    0.00
 56  56.50    0.00
 57  57.50    0.00
 58  58.50    0.23
 59  59.50    0.44
 60  60.50    0.57
 61  61.50    0.59
 62  62.50    0.85
 63  63.50    1.92
 64  64.50    4.55
 65  65.50    8.08
 66  66.50   14.30
 67  67.50   21.17
 68  68.50   27.61
 69  69.50   32.71
 70  70.50   36.41
 71  71.50   40.64
 72  72.50   46.78
 73  73.50   51.10
 74  74.50   55.89
 75  75.50   63.78
 76  76.50   70.38
 77  77.50   72.42
 78  78.50   71.82
 79  79.50   67.20
 80  80.50   61.43
 81  81.50   53.09
 82  82.50   41.91
 83  83.50   31.70
 84  84.50   24.92
 85  85.50   17.41
 86  86.50   11.08
 87  87.50    8.10
 88  88.50    6.96
 89  89.50    5.79
 90  90.50    3.65
 91  91.50    1.12
 92  92.50    0.00
 93  93.50    0.00
 94  94.50    0.00
 95  95.50    0.00
 96  96.50    0.00
 97  97.50    0.00
 98  98.50    0.00
 99  99.50    0.00
