  0   0.50    2.08
  1   1.50    2.93
  2   2.50    3.11
  3   3.50    3.27
  4   4.50    3.29
  5   5.50    3.27
  6   6.50    3.25
  7   7.50    3.23
  8   8.50    3.12
  9   9.50    2.72
 10  10.50    2.38
 11  11.50    2.28
 12  12.50    2.12
 13  13.50    1.95
 14  14.50    1.84
 15  15.50    1.70
 16  16.50    1.58
 17  17.50    1.71
 18  18.50    1.84
 19  19.50    2.21
 20  20.50    2.74
 21  21.50    3.56
 22  22.50    4.86
 23  23.50    8.29
 24  24.50   16.14
 25  25.50   32.90
 26  26.50   65.03
 27  27.50  110.56
 28  28.50  153.99
 29  29.50  178.84
 30  30.50  178.98
 31  31.50  153.28
 32  32.50  112.74
 33  33.50   75.32
 34  34.50   51.22
 35  35.50   39.45
 36  36.50   38.99
 37  37.50   55.36
 38  38.50   88.63
 39  39.50  125.32
 40  40.50  148.01
 41  41.50  150.35
 42  42.50  133.40
 43  43.50  102.57
 44  44.50   69.37
 45  45.50   46.26
 46  46.50   42.92
 47  47.50   62.95
 48  48.50  103.10
 49  49.50  140.84
 50  50.50  150.74
 51  51.50  125.62
 52  52.50   83.75
 53  53.50   48.41
 54  54.50   34.92
 55  55.50   48.77
 56  56.50   85.90
 57  57.50  125.69
 58  58.50  141.63
 59  59.50  125.43
 60  60.50   88.35
 61  61.50   50.63
 62  62.50   26.19
 63  63.50   18.31
 64  64.50   24.25
 65  65.50   46.13
 66  66.50   78.55
 67  67.50  104.93
 68  68.50  112.47
 69  69.50  100.75
 70  70.50   76.50
 71  71.50   51.29
 72  72.50   33.52
 73  73.50   24.20
 74  74.50   22.88
 75  75.50   29.28
 76  76.50   43.00
 77  77.50   61.83
 78  78.50   82.74
 79  79.50  101.24
 80  80.50  114.54
 81  81.50  118.23
 82  82.50  111.39
 83  83.50   96.17
 84  84.50   76.28
 85  85.50   54.79
 86  86.50   36.20
 87  87.50   22.66
 88  88.50   13.60
 89  89.50    8.20
 90  90.50    5.09
 91  91.50    3.35
 92  92.50    2.57
 93  93.50    2.20
 94  94.50    1.85
 95  95.50    1.57
 96  96.50    1.35
 97  97.50    1.12
 98  98.50    0.94
 99  99.50    0.66
