  0   0.50    5.59
  1   1.50    9.13
  2   2.50   10.33
  3   3.50   11.33
  4   4.50   11.44
  5   5.50   10.40
  6   6.50    8.77
  7   7.50    7.63
  8   8.50    9.89
  9   9.50   14.95
 10  10.50   22.45
 11  11.50   32.40
 12  12.50   45.43
 13  13.50   59.30
 14  14.50   72.16
 15  15.50   83.57
 16  16.50   90.42
 17  17.50   93.22
 18  18.50   99.66
 19  19.50  107.45
 20  20.50  108.93
 21  21.50  107.69
 22  22.50  112.94
 23  23.50  122.84
 24  24.50  132.45
 25  25.50  148.38
 26  26.50  172.13
 27  27.50  200.18
 28  28.50  224.04
 29  29.50  243.73
 30  30.50  254.08
 31  31.50  255.11
 32  32.50  245.10
 33  33.50  229.80
 34  34.50  206.41
 35  35.50  177.10
 36  36.50  143.59
 37  37.50  108.77
 38  38.50   73.24
 39  39.50   45.02
 40  40.50   25.87
 41  41.50   14.90
 42  42.50    8.44
 43  43.50    4.74
 44  44.50    2.44
 45  45.50    0.98
 46  46.50    0.39
 47  47.50    0.20
 48  48.50    0.21
 49  49.50    0.00
 50  50.50    0.00
 51  51.50    0.00
 52  52.50    0.00
 53  53.50    0.00
 54  54.50    0.00
 55  55.50    0.00
 56  56.50    0.00
 57  57.50    0.00
 58  58.50    0.00
 59  59.50    0.00
 60  60.50    0.00
 61  61.50    0.00
 62  62.50    0.00
 63  63.50    0.00
 64  64.50    0.07
 65  65.50    0.42
 66  66.50    1.47
 67  67.50    3.62
 68  68.50    7.50
 69  69.50   13.20
 70  70.50   21.96
 71  71.50   33.50
 72  72.50   47.99
 73  73.50   65.28
 74  74.50   83.93
 75  75.50  101.19
 76  76.50  117.57
 77  77.50  131.51
 78  78.50  140.36
 79  79.50  141.06
 80  80.50  138.26
 81  81.50  134.47
 82  82.50  128.61
 83  83.50  118.32
 84  84.50  105.27
 85  85.50   90.17
 86  86.50   77.07
 87  87.50   65.84
 88  88.50   53.69
 89  89.50   42.14
 90  90.50   34.49
 91  91.50   29.36
 92  92.50   24.52
 93  93.50   21.01
 94  94.50   18.70
 95  95.50   16.82
 96  96.50   15.39
 97  97.50   14.65
 98  98.50   13.25
 99  99.50    7.84
