  0   0.50    0.00
  1   1.50    0.00
  2   2.50    0.00
  3   3.50    0.34
  4   4.50    0.70
  5   5.50    0.94
  6   6.50    0.85
  7   7.50    0.73
  8   8.50    0.70
  9   9.50    0.47
 10  10.50    0.20
 11  11.50    0.04
 12  12.50    0.00
 13  13.50    0.00
 14  14.50    0.00
 15  15.50    0.00
 16  16.50    0.00
 17  17.50    0.00
 18  18.50    0.00
 19  19.50    0.00
 20  20.50    0.00
 21  21.50    0.00
 22  22.50    0.00
 23  23.50    0.00
 24  24.50    0.00
 25  25.50    0.00
 26  26.50    0.00
 27  27.50    0.00
 28  28.50    0.00
 29  29.50    0.12
 30  30.50    0.24
 31  31.50    0.39
 32  32.50    0.58
 33  33.50    0.92
 34  34.50    1.44
 35  35.50    2.03
 36  36.50    2.69
 37  37.50    3.43
 38  38.50    4.47
 39  39.50    5.70
 40  40.50    7.32
 41  41.50    9.57
 42  42.50   12.16
 43  43.50   14.96
 44  44.50   18.39
 45  45.50   22.37
 46  46.50   26.42
 47  47.50   30.19
 48  48.50   33.72
 49  49.50   37.33
 50  50.50   40.24
 51  51.50   42.03
 52  52.50   42.77
 53  53.50   43.16
 54  54.50   44.02
 55  55.50   44.32
 56  56.50   42.23
 57  57.50   38.43
 58  58.50   35.29
 59  59.50   32.24
 60  60.50   28.53
 61  61.50   24.71
 62  62.50   21.55
 63  63.50   18.10
 64  64.50   14.70
 65  65.50   12.29
 66  66.50   10.35
 67  67.50    8.29
 68  68.50    6.13
 69  69.50    4.43
 70  70.50    3.21
 71  71.50    2.50
 72  72.50    1.77
 73  73.50    1.04
 74  74.50    0.45
 75  75.50    0.00
 76  76.50    0.00
 77  77.50    0.00
 78  78.50    0.00
 79  79.50    0.00
 80  80.50    0.00
 81  81.50    0.00
 82  82.50    0.00
 83  83.50    0.00
 84  84.50    0.00
 85  85.50    0.00
 86  86.50    0.00
 87  87.50    0.00
 88  88.50    0.00
 89  89.50    0.00
 90  90.50    0.00
 91  91.50    0.00
 92  92.50    0.00
 93  93.50    0.00
 94  94.50    0.00
 95  95.50    0.00
 96  96.50    0.00
 97  97.50    0.00
 98  98.50    0.00
 99  99.50    0.00
