  0   0.50    0.00
  1   1.50    0.00
  2   2.50    0.00
  3   3.50    0.00
  4   4.50    0.00
  5   5.50    0.00
  6   6.50    0.00
  7   7.50    0.00
  8   8.50    0.00
  9   9.50    0.00
 10  10.50    0.00
 11  11.50    0.00
 12  12.50    0.00
 13  13.50    0.00
 14  14.50    0.00
 15  15.50    0.00
 16  16.50    0.00
 17  17.50    0.00
 18  18.50    0.00
 19  19.50    0.00
 20  20.50    0.00
 21  21.50    0.00
 22  22.50    0.00
 23  23.50    0.00
 24  24.50    0.00
 25  25.50    0.00
 26  26.50    0.00
 27  27.50    0.00
 28  28.50    0.00
 29  29.50    0.00
 30  30.50    0.47
 31  31.50    0.57
 32  32.50    1.00
 33  33.50    2.15
 34  34.50    3.82
 35  35.50    4.95
 36  36.50    5.78
 37  37.50    8.63
 38  38.50   12.85
 39  39.50   16.05
 40  40.50   19.66
 41  41.50   24.91
 42  42.50   30.85
 43  43.50   36.64
 44  44.50   42.20
 45  45.50   48.11
 46  46.50   57.54
 47  47.50   65.54
 48  48.50   68.32
 49  49.50   69.48
 50  50.50   72.97
 51  51.50   77.04
 52  52.50   80.22
 53  53.50   80.72
 54  54.50   77.57
 55  55.50   73.53
 56  56.50   70.58
 57  57.50   67.04
 58  58.50   60.70
 59  59.50   53.66
 60  60.50   47.98
 61  61.50   41.80
 62  62.50   34.86
 63  63.50   28.27
 64  64.50   22.07
 65  65.50   16.35
 66  66.50   12.12
 67  67.50    8.75
 68  68.50    6.03
 69  69.50    3.86
 70  70.50    2.34
 71  71.50    1.00
 72  72.50    0.00
 73  73.50    0.00
 74  74.50    0.00
 75  75.50    0.00
 76  76.50    0.00
 77  77.50    0.00
 78  78.50    0.00
 79  79.50    0.00
 80  80.50    0.00
 81  81.50    0.00
 82  82.50    0.00
 83  83.50    0.00
 84  84.50    0.00
 85  85.50    0.00
 86  86.50    0.00
 87  87.50    0.00
 88  88.50    0.00
 89  89.50    0.00
 90  90.50    0.00
 91  91.50    0.00
 92  92.50    0.00
 93  93.50    0.00
 94  94.50    0.00
 95  95.50    0.00
 96  96.50    0.00
 97  97.50    0.00
 98  98.50    0.00
 99  99.50    0.00
