  0   0.50   45.36
  1   1.50   67.04
  2   2.50   69.02
  3   3.50   67.10
  4   4.50   61.26
  5   5.50   55.80
  6   6.50   53.29
  7   7.50   51.02
  8   8.50   46.27
  9   9.50   43.32
 10  10.50   40.95
 11  11.50   36.64
 12  12.50   30.47
 13  13.50   25.65
 14  14.50   22.62
 15  15.50   18.81
 16  16.50   14.13
 17  17.50    9.84
 18  18.50    7.22
 19  19.50    5.68
 20  20.50    4.32
 21  21.50    3.05
 22  22.50    2.95
 23  23.50    3.14
 24  24.50    3.19
 25  25.50    2.65
 26  26.50    2.17
 27  27.50    1.63
 28  28.50    1.33
 29  29.50    0.57
 30  30.50    0.00
 31  31.50    0.00
 32  32.50    0.00
 33  33.50    0.00
 34  34.50    0.00
 35  35.50    0.00
 36  36.50    0.00
 37  37.50    0.00
 38  38.50    0.00
 39  39.50    0.00
 40  40.50    0.00
 41  41.50    0.00
 42  42.50    0.00
 43  43.50    0.00
 44  44.50    0.00
 45  45.50    0.00
 46  46.50    0.00
 47  47.50    0.00
 48  48.50    0.00
 49  49.50    0.00
 50  50.50    0.00
 51  51.50    0.00
 52  52.50    0.00
 53  53.50    0.00
 54  54.50    0.28
 55  55.50    2.42
 56  56.50    6.47
 57  57.50   13.22
 58  58.50   23.25
 59  59.50   36.19
 60  60.50   52.19
 61  61.50   73.90
 62  62.50  100.59
 63  63.50  125.24
 64  64.50  145.66
 65  65.50  159.79
 66  66.50  171.73
 67  67.50  180.33
 68  68.50  182.39
 69  69.50  176.06
 70  70.50  164.68
 71  71.50  151.21
 72  72.50  138.40
 73  73.50  124.67
 74  74.50  104.69
 75  75.50   87.31
 76  76.50   76.05
 77  77.50   67.68
 78  78.50   57.43
 79  79.50   48.15
 80  80.50   40.47
 81  81.50   33.16
 82  82.50   26.91
 83  83.50   22.00
 84  84.50   18.43
 85  85.50   15.32
 86  86.50   12.10
 87  87.50    8.15
 88  88.50    6.06
 89  89.50    4.47
 90  90.50    2.20
 91  91.50    0.41
 92  92.50    0.00
 93  93.50    0.00
 94  94.50    0.00
 95  95.50    0.00
 96  96.50    0.00
 97  97.50    0.00
 98  98.50    0.00
 99  99.50    0.00
