  0   0.50    1.00
  1   1.50    2.02
  2   2.50    1.71
  3   3.50    1.43
  4   4.50    1.47
  5   5.50    1.59
  6   6.50    1.53
  7   7.50    1.30
  8   8.50    0.92
  9   9.50    0.68
 10  10.50    0.67
 11  11.50    0.66
 12  12.50    0.39
 13  13.50    0.16
 14  14.50    0.02
 15  15.50    0.00
 16  16.50    0.04
 17  17.50    0.18
 18  18.50    0.30
 19  19.50    0.55
 20  20.50    0.93
 21  21.50    1.70
 22  22.50    3.49
 23  23.50    6.92
 24  24.50   12.92
 25  25.50   24.03
 26  26.50   43.38
 27  27.50   71.13
 28  28.50  103.91
 29  29.50  134.26
 30  30.50  153.22
 31  31.50  154.74
 32  32.50  140.97
 33  33.50  117.85
 34  34.50   91.98
 35  35.50   69.05
 36  36.50   53.98
 37  37.50   47.51
 38  38.50   49.96
 39  39.50   62.20
 40  40.50   80.14
 41  41.50   96.35
 42  42.50  104.31
 43  43.50   99.76
 44  44.50   83.77
 45  45.50   63.48
 46  46.50   44.93
 47  47.50   33.11
 48  48.50   32.01
 49  49.50   43.08
 50  50.50   61.98
 51  51.50   76.78
 52  52.50   74.72
 53  53.50   56.33
 54  54.50   34.45
 55  55.50   21.67
 56  56.50   23.27
 57  57.50   38.11
 58  58.50   59.81
 59  59.50   74.48
 60  60.50   72.14
 61  61.50   55.39
 62  62.50   36.70
 63  63.50   23.37
 64  64.50   17.83
 65  65.50   19.28
 66  66.50   28.78
 67  67.50   42.72
 68  68.50   54.35
 69  69.50   58.42
 70  70.50   53.79
 71  71.50   43.71
 72  72.50   32.70
 73  73.50   23.21
 74  74.50   16.36
 75  75.50   14.27
 76  76.50   15.59
 77  77.50   19.63
 78  78.50   26.43
 79  79.50   35.16
 80  80.50   41.88
 81  81.50   46.31
 82  82.50   48.90
 83  83.50   48.18
 84  84.50   42.08
 85  85.50   33.14
 86  86.50   23.78
 87  87.50   15.51
 88  88.50    9.24
 89  89.50    5.10
 90  90.50    2.72
 91  91.50    1.20
 92  92.50    0.33
 93  93.50    0.00
 94  94.50    0.00
 95  95.50    0.00
 96  96.50    0.00
 97  97.50    0.00
 98  98.50    0.00
 99  99.50    0.00
