  0   0.50    1.48
  1   1.50    2.25
  2   2.50    2.43
  3   3.50    2.46
  4   4.50    2.50
  5   5.50    2.41
  6   6.50    2.44
  7   7.50    2.55
  8   8.50    2.63
  9   9.50    2.52
 10  10.50    2.50
 11  11.50    2.51
 12  12.50    2.56
 13  13.50    2.59
 14  14.50    2.57
 15  15.50    2.45
 16  16.50    2.53
 17  17.50    2.77
 18  18.50    2.82
 19  19.50    2.69
 20  20.50    2.53
 21  21.50    2.56
 22  22.50    2.72
 23  23.50    3.02
 24  24.50    3.56
 25  25.50    5.26
 26  26.50   10.37
 27  27.50   30.25
 28  28.50   77.51
 29  29.50  138.79
 30  30.50  174.79
 31  31.50  163.62
 32  32.50  117.55
 33  33.50   66.11
 34  34.50   31.14
 35  35.50   16.22
 36  36.50   13.12
 37  37.50   25.84
 38  38.50   69.20
 39  39.50  127.52
 40  40.50  159.66
 41  41.50  147.43
 42  42.50  111.14
 43  43.50   71.70
 44  44.50   40.90
 45  45.50   23.97
 46  46.50   31.98
 47  47.50   79.23
 48  48.50  145.48
 49  49.50  186.35
 50  50.50  171.73
 51  51.50  118.33
 52  52.50   62.62
 53  53.50   32.47
 54  54.50   36.52
 55  55.50   78.22
 56  56.50  135.96
 57  57.50  167.74
 58  58.50  156.56
 59  59.50  114.53
 60  60.50   65.86
 61  61.50   30.04
 62  62.50   16.61
 63  63.50   28.64
 64  64.50   66.18
 65  65.50  112.26
 66  66.50  139.25
 67  67.50  136.45
 68  68.50  110.31
 69  69.50   75.09
 70  70.50   43.41
 71  71.50   23.76
 72  72.50   17.00
 73  73.50   25.96
 74  74.50   51.03
 75  75.50   85.65
 76  76.50  117.59
 77  77.50  140.74
 78  78.50  154.61
 79  79.50  162.68
 80  80.50  163.43
 81  81.50  156.52
 82  82.50  139.91
 83  83.50  114.96
 84  84.50   83.91
 85  85.50   55.24
 86  86.50   33.71
 87  87.50   21.50
 88  88.50   15.81
 89  89.50   14.34
 90  90.50   13.79
 91  91.50   12.45
 92  92.50   10.34
 93  93.50    7.89
 94  94.50    5.17
 95  95.50    2.71
 96  96.50    1.25
 97  97.50    0.00
 98  98.50    0.00
 99  99.50    0.00
