  0   0.50   27.34
  1   1.50   42.30
  2   2.50   45.95
  3   3.50   53.86
  4   4.50   64.31
  5   5.50   73.38
  6   6.50   77.59
  7   7.50   79.41
  8   8.50   82.53
  9   9.50   87.85
 10  10.50   98.27
 11  11.50  111.18
 12  12.50  120.77
 13  13.50  123.91
 14  14.50  124.49
 15  15.50  125.77
 16  16.50  127.63
 17  17.50  129.29
 18  18.50  135.15
 19  19.50  141.26
 20  20.50  144.33
 21  21.50  144.85
 22  22.50  146.88
 23  23.50  145.81
 24  24.50  146.23
 25  25.50  149.55
 26  26.50  152.52
 27  27.50  156.27
 28  28.50  159.65
 29  29.50  157.28
 30  30.50  152.73
 31  31.50  150.89
 32  32.50  146.68
 33  33.50  141.81
 34  34.50  141.85
 35  35.50  141.88
 36  36.50  136.53
 37  37.50  130.08
 38  38.50  126.71
 39  39.50  119.98
 40  40.50  110.49
 41  41.50  102.25
 42  42.50   94.26
 43  43.50   82.48
 44  44.50   68.11
 45  45.50   51.98
 46  46.50   37.88
 47  47.50   29.97
 48  48.50   24.35
 49  49.50   17.92
 50  50.50   11.79
 51  51.50    8.14
 52  52.50    4.38
 53  53.50    1.30
 54  54.50    0.00
 55  55.50    0.00
 56  56.50    0.00
 57  57.50    0.00
 58  58.50    0.00
 59  59.50    0.00
 60  60.50    0.00
 61  61.50    0.00
 62  62.50    0.00
 63  63.50    0.00
 64  64.50    0.00
 65  65.50    0.00
 66  66.50    0.00
 67  67.50    0.00
 68  68.50    0.00
 69  69.50    0.00
 70  70.50    0.00
 71  71.50    0.00
 72  72.50    0.00
 73  73.50    0.00
 74  74.50    0.00
 75  75.50    0.00
 76  76.50    0.00
 77  77.50    0.00
 78  78.50    0.00
 79  79.50    0.00
 80  80.50    0.00
 81  81.50    0.00
 82  82.50    0.00
 83  83.50    0.00
 84  84.50    0.00
 85  85.50    0.00
 86  86.50    0.00
 87  87.50    0.00
 88  88.50    0.00
 89  89.50    0.00
 90  90.50    0.00
 91  91.50    0.00
 92  92.50    0.00
 93  93.50    0.00
 94  94.50    0.00
 95  95.50    0.00
 96  96.50    0.00
 97  97.50    0.00
 98  98.50    0.00
 99  99.50    0.00
