  0   0.50   14.21
  1   1.50   34.14
  2   2.50   44.18
  3   3.50   50.06
  4   4.50   59.18
  5   5.50   72.34
  6   6.50   82.83
  7   7.50   93.76
  8   8.50  111.90
  9   9.50  128.29
 10  10.50  138.82
 11  11.50  146.47
 12  12.50  152.69
 13  13.50  150.66
 14  14.50  146.96
 15  15.50  146.06
 16  16.50  142.37
 17  17.50  134.85
 18  18.50  130.57
 19  19.50  131.92
 20  20.50  128.89
 21  21.50  126.86
 22  22.50  126.34
 23  23.50  126.71
 24  24.50  124.83
 25  25.50  127.45
 26  26.50  127.67
 27  27.50  123.12
 28  28.50  122.24
 29  29.50  126.94
 30  30.50  124.83
 31  31.50  117.03
 32  32.50  115.75
 33  33.50  115.90
 34  34.50  111.05
 35  35.50  107.57
 36  36.50  110.60
 37  37.50  111.65
 38  38.50  109.87
 39  39.50  112.05
 40  40.50  116.73
 41  41.50  117.33
 42  42.50  112.25
 43  43.50  103.61
 44  44.50   88.70
 45  45.50   70.74
 46  46.50   54.05
 47  47.50   39.76
 48  48.50   27.96
 49  49.50   19.82
 50  50.50   14.04
 51  51.50    8.35
 52  52.50    3.89
 53  53.50    0.96
 54  54.50    0.00
 55  55.50    0.00
 56  56.50    0.00
 57  57.50    0.00
 58  58.50    0.00
 59  59.50    0.00
 60  60.50    0.00
 61  61.50    0.00
 62  62.50    0.00
 63  63.50    0.00
 64  64.50    0.00
 65  65.50    0.00
 66  66.50    0.00
 67  67.50    0.00
 68  68.50    0.00
 69  69.50    0.00
 70  70.50    0.00
 71  71.50    0.00
 72  72.50    0.00
 73  73.50    0.00
 74  74.50    0.00
 75  75.50    0.00
 76  76.50    0.00
 77  77.50    0.00
 78  78.50    0.00
 79  79.50    0.00
 80  80.50    0.00
 81  81.50    0.00
 82  82.50    0.00
 83  83.50    0.00
 84  84.50    0.00
 85  85.50    0.00
 86  86.50    0.00
 87  87.50    0.00
 88  88.50    0.00
 89  89.50    0.00
 90  90.50    0.00
 91  91.50    0.00
 92  92.50    0.00
 93  93.50    0.00
 94  94.50    0.00
 95  95.50    0.00
 96  96.50    0.00
 97  97.50    0.00
 98  98.50    0.00
 99  99.50    0.00
