  0   0.50    0.00
  1   1.50   10.34
  2   2.50   25.79
  3   3.50   38.95
  4   4.50   49.74
  5   5.50   57.68
  6   6.50   64.69
  7   7.50   72.42
  8   8.50   78.23
  9   9.50   82.87
 10  10.50   86.25
 11  11.50   90.22
 12  12.50   92.16
 13  13.50   96.29
 14  14.50  101.76
 15  15.50  104.49
 16  16.50  103.16
 17  17.50  104.75
 18  18.50  106.11
 19  19.50  107.63
 20  20.50  107.78
 21  21.50  107.31
 22  22.50  105.34
 23  23.50  105.77
 24  24.50  106.09
 25  25.50  104.98
 26  26.50  104.06
 27  27.50  105.81
 28  28.50  106.61
 29  29.50  104.66
 30  30.50  102.05
 31  31.50  101.33
 32  32.50   99.09
 33  33.50   94.73
 34  34.50   92.98
 35  35.50   91.65
 36  36.50   87.83
 37  37.50   83.45
 38  38.50   79.13
 39  39.50   73.90
 40  40.50   69.05
 41  41.50   62.90
 42  42.50   56.10
 43  43.50   50.37
 44  44.50   43.94
 45  45.50   37.45
 46  46.50   30.14
 47  47.50   24.01
 48  48.50   19.76
 49  49.50   16.06
 50  50.50   12.09
 51  51.50    9.04
 52  52.50    7.01
 53  53.50    5.55
 54  54.50    4.34
 55  55.50    3.16
 56  56.50    2.39
 57  57.50    1.52
 58  58.50    0.41
 59  59.50    0.00
 60  60.50    0.00
 61  61.50    0.00
 62  62.50    0.00
 63  63.50    0.00
 64  64.50    0.00
 65  65.50    0.00
 66  66.50    0.00
 67  67.50    0.00
 68  68.50    0.00
 69  69.50    0.00
 70  70.50    0.00
 71  71.50    0.00
 72  72.50    0.00
 73  73.50    0.00
 74  74.50    0.00
 75  75.50    0.00
 76  76.50    0.00
 77  77.50    0.00
 78  78.50    0.00
 79  79.50    0.00
 80  80.50    0.00
 81  81.50    0.00
 82  82.50    0.00
 83  83.50    0.00
 84  84.50    0.00
 85  85.50    0.00
 86  86.50    0.00
 87  87.50    0.00
 88  88.50    0.00
 89  89.50    0.00
 90  90.50    0.00
 91  91.50    0.00
 92  92.50    0.00
 93  93.50    0.00
 94  94.50    0.00
 95  95.50    0.00
 96  96.50    0.00
 97  97.50    0.00
 98  98.50    0.00
 99  99.50    0.00
