  0   0.50    0.00
  1   1.50    0.45
  2   2.50    0.84
  3   3.50    1.12
  4   4.50    1.29
  5   5.50    1.54
  6   6.50    1.68
  7   7.50    1.48
  8   8.50    1.55
  9   9.50    1.76
 10  10.50    1.73
 11  11.50    1.68
 12  12.50    1.64
 13  13.50    1.36
 14  14.50    1.34
 15  15.50    1.61
 16  16.50    1.45
 17  17.50    1.14
 18  18.50    0.92
 19  19.50    0.81
 20  20.50    0.32
 21  21.50    0.20
 22  22.50    1.04
 23  23.50    3.10
 24  24.50    6.98
 25  25.50   17.57
 26  26.50   45.23
 27  27.50   99.47
 28  28.50  162.89
 29  29.50  201.26
 30  30.50  195.99
 31  31.50  154.69
 32  32.50   98.04
 33  33.50   52.22
 34  34.50   28.79
 35  35.50   22.37
 36  36.50   31.13
 37  37.50   67.31
 38  38.50  122.81
 39  39.50  164.89
 40  40.50  174.77
 41  41.50  157.11
 42  42.50  119.93
 43  43.50   76.71
 44  44.50   44.43
 45  45.50   33.64
 46  46.50   54.01
 47  47.50  108.95
 48  48.50  169.14
 49  49.50  193.15
 50  50.50  166.31
 51  51.50  111.41
 52  52.50   60.06
 53  53.50   37.67
 54  54.50   53.57
 55  55.50  101.93
 56  56.50  154.39
 57  57.50  181.48
 58  58.50  170.14
 59  59.50  125.14
 60  60.50   68.37
 61  61.50   29.11
 62  62.50   15.77
 63  63.50   23.34
 64  64.50   53.15
 65  65.50   99.66
 66  66.50  140.46
 67  67.50  154.53
 68  68.50  138.26
 69  69.50  103.24
 70  70.50   66.06
 71  71.50   39.20
 72  72.50   25.24
 73  73.50   23.65
 74  74.50   33.57
 75  75.50   54.24
 76  76.50   82.62
 77  77.50  111.85
 78  78.50  136.60
 79  79.50  152.36
 80  80.50  156.66
 81  81.50  149.20
 82  82.50  129.57
 83  83.50  101.79
 84  84.50   74.28
 85  85.50   51.24
 86  86.50   31.75
 87  87.50   18.63
 88  88.50   11.72
 89  89.50    7.85
 90  90.50    5.47
 91  91.50    3.62
 92  92.50    1.59
 93  93.50    0.04
 94  94.50    0.00
 95  95.50    0.00
 96  96.50    0.00
 97  97.50    0.00
 98  98.50    0.00
 99  99.50    0.00
