  0   0.50   44.32
  1   1.50   77.10
  2   2.50   85.94
  3   3.50   84.29
  4   4.50   86.65
  5   5.50   99.40
  6   6.50  108.36
  7   7.50  107.89
  8   8.50  105.00
  9   9.50  107.37
 10  10.50  104.77
 11  11.50   93.49
 12  12.50   83.96
 13  13.50   75.06
 14  14.50   62.63
 15  15.50   47.13
 16  16.50   32.88
 17  17.50   20.54
 18  18.50   12.25
 19  19.50    7.79
 20  20.50    5.35
 21  21.50    5.62
 22  22.50    9.51
 23  23.50   20.65
 24  24.50   37.37
 25  25.50   56.38
 26  26.50   72.61
 27  27.50   85.55
 28  28.50   83.70
 29  29.50   60.88
 30  30.50   28.56
 31  31.50    7.25
 32  32.50    0.00
 33  33.50    0.00
 34  34.50    0.00
 35  35.50    0.00
 36  36.50    0.00
 37  37.50    0.00
 38  38.50    0.00
 39  39.50    0.00
 40  40.50    0.00
 41  41.50    0.00
 42  42.50    0.00
 43  43.50    0.00
 44  44.50    0.00
 45  45.50    0.00
 46  46.50    0.00
 47  47.50    0.00
 48  48.50    0.00
 49  49.50    0.00
 50  50.50    0.00
 51  51.50    1.10
 52  52.50    4.76
 53  53.50   11.60
 54  54.50   20.57
 55  55.50   31.16
 56  56.50   43.18
 57  57.50   55.30
 58  58.50   69.36
 59  59.50   84.36
 60  60.50   95.94
 61  61.50  109.07
 62  62.50  124.14
 63  63.50  130.11
 64  64.50  128.90
 65  65.50  126.78
 66  66.50  120.36
 67  67.50  108.38
 68  68.50   94.48
 69  69.50   81.03
 70  70.50   68.69
 71  71.50   55.83
 72  72.50   44.24
 73  73.50   37.05
 74  74.50   31.07
 75  75.50   25.89
 76  76.50   21.60
 77  77.50   18.86
 78  78.50   15.70
 79  79.50   11.46
 80  80.50    7.85
 81  81.50    5.87
 82  82.50    3.69
 83  83.50    1.21
 84  84.50    0.00
 85  85.50    0.00
 86  86.50    0.00
 87  87.50    0.00
 88  88.50    0.00
 89  89.50    0.00
 90  90.50    0.00
 91  91.50    0.00
 92  92.50    0.00
 93  93.50    0.00
 94  94.50    0.00
 95  95.50    0.00
 96  96.50    0.00
 97  97.50    0.00
 98  98.50    0.00
 99  99.50    0.00
