  0   0.50   16.72
  1   1.50   24.23
  2   2.50   24.66
  3   3.50   25.36
  4   4.50   26.19
  5   5.50   25.43
  6   6.50   23.03
  7   7.50   19.91
  8   8.50   18.07
  9   9.50   17.03
 10  10.50   15.84
 11  11.50   13.52
 12  12.50   12.56
 13  13.50   11.78
 14  14.50   10.27
 15  15.50    8.92
 16  16.50    8.31
 17  17.50    7.30
 18  18.50    5.97
 19  19.50    4.69
 20  20.50    3.58
 21  21.50    2.46
 22  22.50    1.41
 23  23.50    1.11
 24  24.50    1.24
 25  25.50    1.04
 26  26.50    0.85
 27  27.50    0.69
 28  28.50    0.69
 29  29.50    0.77
 30  30.50    0.68
 31  31.50    0.71
 32  32.50    0.83
 33  33.50    0.64
 34  34.50    0.33
 35  35.50    0.13
 36  36.50    0.13
 37  37.50    0.00
 38  38.50    0.00
 39  39.50    0.00
 40  40.50    0.00
 41  41.50    0.00
 42  42.50    0.00
 43  43.50    0.00
 44  44.50    0.00
 45  45.50    0.00
 46  46.50    0.00
 47  47.50    0.00
 48  48.50    0.00
 49  49.50    0.00
 50  50.50    0.00
 51  51.50    0.00
 52  52.50    0.00
 53  53.50    0.49
 54  54.50    2.67
 55  55.50    5.97
 56  56.50   10.72
 57  57.50   16.17
 58  58.50   22.50
 59  59.50   29.67
 60  60.50   36.93
 61  61.50   42.86
 62  62.50   47.90
 63  63.50   53.03
 64  64.50   56.44
 65  65.50   57.34
 66  66.50   56.52
 67  67.50   55.31
 68  68.50   53.58
 69  69.50   51.59
 70  70.50   47.19
 71  71.50   41.10
 72  72.50   38.10
 73  73.50   35.81
 74  74.50   30.63
 75  75.50   24.85
 76  76.50   21.41
 77  77.50   18.24
 78  78.50   14.93
 79  79.50   12.17
 80  80.50    9.59
 81  81.50    7.58
 82  82.50    5.93
 83  83.50    4.16
 84  84.50    1.84
 85  85.50    0.53
 86  86.50    0.00
 87  87.50    0.00
 88  88.50    0.00
 89  89.50    0.00
 90  90.50    0.00
 91  91.50    0.00
 92  92.50    0.00
 93  93.50    0.00
 94  94.50    0.00
 95  95.50    0.00
 96  96.50    0.00
 97  97.50    0.00
 98  98.50    0.00
 99  99.50    0.00
