  0   0.50    0.00
  1   1.50    0.93
  2   2.50    0.51
  3   3.50    0.65
  4   4.50    1.22
  5   5.50    1.99
  6   6.50    3.00
  7   7.50    3.88
  8   8.50    4.96
  9   9.50    7.22
 10  10.50   10.56
 11  11.50   15.89
 12  12.50   22.64
 13  13.50   29.57
 14  14.50   36.50
 15  15.50   43.08
 16  16.50   49.18
 17  17.50   56.09
 18  18.50   64.52
 19  19.50   71.54
 20  20.50   78.40
 21  21.50   85.88
 22  22.50   92.78
 23  23.50   99.06
 24  24.50  107.50
 25  25.50  113.77
 26  26.50  115.89
 27  27.50  118.09
 28  28.50  119.35
 29  29.50  117.51
 30  30.50  114.28
 31  31.50  109.83
 32  32.50  101.81
 33  33.50   91.85
 34  34.50   79.69
 35  35.50   65.43
 36  36.50   49.18
 37  37.50   34.80
 38  38.50   24.14
 39  39.50   16.53
 40  40.50   10.25
 41  41.50    6.39
 42  42.50    4.01
 43  43.50    2.23
 44  44.50    1.01
 45  45.50    0.36
 46  46.50    0.00
 47  47.50    0.00
 48  48.50    0.00
 49  49.50    0.00
 50  50.50    0.00
 51  51.50    0.00
 52  52.50    0.00
 53  53.50    0.00
 54  54.50    0.00
 55  55.50    0.00
 56  56.50    0.00
 57  57.50    0.00
 58  58.50    0.00
 59  59.50    0.00
 60  60.50    0.07
 61  61.50    0.44
 62  62.50    0.83
 63  63.50    1.09
 64  64.50    1.97
 65  65.50    3.75
 66  66.50    5.90
 67  67.50    8.61
 68  68.50   13.48
 69  69.50   18.76
 70  70.50   23.81
 71  71.50   30.17
 72  72.50   38.65
 73  73.50   47.22
 74  74.50   54.87
 75  75.50   62.72
 76  76.50   68.74
 77  77.50   73.37
 78  78.50   78.00
 79  79.50   83.37
 80  80.50   85.95
 81  81.50   85.67
 82  82.50   85.20
 83  83.50   84.79
 84  84.50   81.14
 85  85.50   75.73
 86  86.50   70.37
 87  87.50   64.27
 88  88.50   58.24
 89  89.50   53.82
 90  90.50   48.62
 91  91.50   43.33
 92  92.50   38.89
 93  93.50   35.35
 94  94.50   31.72
 95  95.50   28.43
 96  96.50   24.81
 97  97.50   22.22
 98  98.50   20.73
 99  99.50   13.84
