  0   0.50    3.06
  1   1.50    3.69
  2   2.50    2.74
  3   3.50    2.80
  4   4.50    2.94
  5   5.50    3.23
  6   6.50    2.93
  7   7.50    2.32
  8   8.50    1.89
  9   9.50    1.82
 10  10.50    1.65
 11  11.50    1.51
 12  12.50    1.66
 13  13.50    1.89
 14  14.50    2.07
 15  15.50    2.55
 16  16.50    2.82
 17  17.50    2.92
 18  18.50    2.95
 19  19.50    3.06
 20  20.50    2.77
 21  21.50    2.52
 22  22.50    2.20
 23  23.50    1.91
 24  24.50    1.88
 25  25.50    1.97
 26  26.50    3.25
 27  27.50   11.27
 28  28.50   42.08
 29  29.50  106.65
 30  30.50  167.98
 31  31.50  172.59
 32  32.50  124.94
 33  33.50   71.17
 34  34.50   34.71
 35  35.50   15.51
 36  36.50    8.14
 37  37.50   14.23
 38  38.50   57.00
 39  39.50  129.93
 40  40.50  174.10
 41  41.50  153.41
 42  42.50  101.35
 43  43.50   57.38
 44  44.50   29.22
 45  45.50   16.62
 46  46.50   45.71
 47  47.50  123.69
 48  48.50  194.99
 49  49.50  196.35
 50  50.50  137.37
 51  51.50   69.70
 52  52.50   29.07
 53  53.50   30.47
 54  54.50   87.45
 55  55.50  165.15
 56  56.50  194.93
 57  57.50  159.63
 58  58.50  101.59
 59  59.50   50.48
 60  60.50   19.01
 61  61.50   14.84
 62  62.50   47.63
 63  63.50  110.11
 64  64.50  160.73
 65  65.50  165.21
 66  66.50  129.96
 67  67.50   82.59
 68  68.50   43.86
 69  69.50   22.25
 70  70.50   14.97
 71  71.50   24.80
 72  72.50   58.08
 73  73.50  110.91
 74  74.50  161.79
 75  75.50  190.03
 76  76.50  197.95
 77  77.50  197.40
 78  78.50  192.44
 79  79.50  178.47
 80  80.50  155.05
 81  81.50  123.06
 82  82.50   87.26
 83  83.50   57.40
 84  84.50   41.30
 85  85.50   37.30
 86  86.50   40.18
 87  87.50   42.96
 88  88.50   39.79
 89  89.50   30.41
 90  90.50   18.86
 91  91.50    9.83
 92  92.50    4.85
 93  93.50    1.98
 94  94.50    0.39
 95  95.50    0.18
 96  96.50    0.00
 97  97.50    0.00
 98  98.50    0.00
 99  99.50    0.00
