  0   0.50    0.00
  1   1.50    0.00
  2   2.50    2.01
  3   3.50    9.33
  4   4.50   14.52
  5   5.50   17.30
  6   6.50   18.73
  7   7.50   18.75
  8   8.50   16.22
  9   9.50   13.28
 10  10.50   11.68
 11  11.50    9.75
 12  12.50    7.24
 13  13.50    5.18
 14  14.50    3.86
 15  15.50    2.10
 16  16.50    0.89
 17  17.50    0.00
 18  18.50    0.00
 19  19.50    0.00
 20  20.50    0.00
 21  21.50    0.00
 22  22.50    0.00
 23  23.50    0.00
 24  24.50    0.00
 25  25.50    0.00
 26  26.50    0.00
 27  27.50    0.00
 28  28.50    0.00
 29  29.50    0.00
 30  30.50    0.00
 31  31.50    0.00
 32  32.50    0.00
 33  33.50    0.00
 34  34.50    0.00
 35  35.50    0.00
 36  36.50    0.00
 37  37.50    0.00
 38  38.50    0.00
 39  39.50    0.00
 40  40.50    0.00
 41  41.50    0.00
 42  42.50    0.00
 43  43.50    0.00
 44  44.50    0.00
 45  45.50    0.00
 46  46.50    0.00
 47  47.50    0.00
 48  48.50    0.00
 49  49.50    0.00
 50  50.50    0.00
 51  51.50    0.22
 52  52.50    1.04
 53  53.50    1.37
 54  54.50    1.59
 55  55.50    2.54
 56  56.50    3.60
 57  57.50    4.13
 58  58.50    5.20
 59  59.50    6.74
 60  60.50    8.20
 61  61.50    9.64
 62  62.50   11.37
 63  63.50   12.94
 64  64.50   14.00
 65  65.50   14.71
 66  66.50   15.09
 67  67.50   15.31
 68  68.50   15.37
 69  69.50   14.87
 70  70.50   13.61
 71  71.50   12.21
 72  72.50   10.91
 73  73.50    9.42
 74  74.50    7.68
 75  75.50    6.50
 76  76.50    5.37
 77  77.50    3.44
 78  78.50    1.24
 79  79.50    0.00
 80  80.50    0.00
 81  81.50    0.00
 82  82.50    0.00
 83  83.50    0.00
 84  84.50    0.00
 85  85.50    0.00
 86  86.50    0.00
 87  87.50    0.00
 88  88.50    0.00
 89  89.50    0.00
 90  90.50    0.00
 91  91.50    0.00
 92  92.50    0.00
 93  93.50    0.00
 94  94.50    0.00
 95  95.50    0.00
 96  96.50    0.00
 97  97.50    0.00
 98  98.50    0.00
 99  99.50    0.00
