  0   0.50   44.59
  1   1.50   80.50
  2   2.50   90.84
  3   3.50   90.63
  4   4.50   88.83
  5   5.50   92.31
  6   6.50   99.53
  7   7.50  108.48
  8   8.50  115.17
  9   9.50  121.84
 10  10.50  133.29
 11  11.50  148.43
 12  12.50  157.79
 13  13.50  163.54
 14  14.50  170.22
 15  15.50  176.36
 16  16.50  182.10
 17  17.50  186.40
 18  18.50  186.33
 19  19.50  184.99
 20  20.50  187.02
 21  21.50  189.43
 22  22.50  191.14
 23  23.50  190.90
 24  24.50  192.10
 25  25.50  193.51
 26  26.50  195.88
 27  27.50  197.66
 28  28.50  198.26
 29  29.50  196.25
 30  30.50  191.63
 31  31.50  192.78
 32  32.50  195.69
 33  33.50  194.09
 34  34.50  187.36
 35  35.50  180.22
 36  36.50  175.42
 37  37.50  174.92
 38  38.50  173.37
 39  39.50  166.83
 40  40.50  159.59
 41  41.50  150.89
 42  42.50  140.32
 43  43.50  123.01
 44  44.50  103.57
 45  45.50   86.07
 46  46.50   70.29
 47  47.50   52.17
 48  48.50   39.40
 49  49.50   30.25
 50  50.50   22.73
 51  51.50   17.16
 52  52.50   13.44
 53  53.50    8.99
 54  54.50    5.06
 55  55.50    4.36
 56  56.50    4.29
 57  57.50    3.12
 58  58.50    1.65
 59  59.50    0.86
 60  60.50    0.32
 61  61.50    0.32
 62  62.50    0.00
 63  63.50    0.00
 64  64.50    0.00
 65  65.50    0.00
 66  66.50    0.00
 67  67.50    0.00
 68  68.50    0.00
 69  69.50    0.00
 70  70.50    0.00
 71  71.50    0.00
 72  72.50    0.00
 73  73.50    0.00
 74  74.50    0.00
 75  75.50    0.00
 76  76.50    0.00
 77  77.50    0.00
 78  78.50    0.00
 79  79.50    0.00
 80  80.50    0.00
 81  81.50    0.00
 82  82.50    0.00
 83  83.50    0.00
 84  84.50    0.00
 85  85.50    0.00
 86  86.50    0.00
 87  87.50    0.00
 88  88.50    0.00
 89  89.50    0.00
 90  90.50    0.00
 91  91.50    0.00
 92  92.50    0.00
 93  93.50    0.00
 94  94.50    0.00
 95  95.50    0.00
 96  96.50    0.00
 97  97.50    0.00
 98  98.50    0.00
 99  99.50    0.00
