  0   0.50    0.12
  1   1.50    0.50
  2   2.50    1.00
  3   3.50    1.40
  4   4.50    1.82
  5   5.50    2.27
  6   6.50    2.55
  7   7.50    2.59
  8   8.50    2.80
  9   9.50    3.00
 10  10.50    2.95
 11  11.50    2.94
 12  12.50    3.04
 13  13.50    3.27
 14  14.50    3.67
 15  15.50    4.30
 16  16.50    4.98
 17  17.50    5.96
 18  18.50    7.42
 19  19.50    9.80
 20  20.50   12.74
 21  21.50   16.14
 22  22.50   20.28
 23  23.50   25.79
 24  24.50   31.58
 25  25.50   38.12
 26  26.50   45.47
 27  27.50   53.27
 28  28.50   60.63
 29  29.50   67.70
 30  30.50   73.38
 31  31.50   77.13
 32  32.50   79.18
 33  33.50   80.36
 34  34.50   81.07
 35  35.50   80.02
 36  36.50   77.89
 37  37.50   75.87
 38  38.50   73.37
 39  39.50   70.00
 40  40.50   67.12
 41  41.50   64.48
 42  42.50   61.36
 43  43.50   58.18
 44  44.50   54.55
 45  45.50   50.69
 46  46.50   47.50
 47  47.50   44.73
 48  48.50   41.47
 49  49.50   38.06
 50  50.50   35.16
 51  51.50   32.56
 52  52.50   30.02
 53  53.50   27.81
 54  54.50   25.57
 55  55.50   23.41
 56  56.50   21.80
 57  57.50   20.65
 58  58.50   19.25
 59  59.50   18.07
 60  60.50   17.03
 61  61.50   15.99
 62  62.50   15.13
 63  63.50   14.78
 64  64.50   14.44
 65  65.50   13.83
 66  66.50   12.95
 67  67.50   12.37
 68  68.50   12.01
 69  69.50   11.62
 70  70.50   10.96
 71  71.50   10.34
 72  72.50    9.78
 73  73.50    9.14
 74  74.50    8.46
 75  75.50    7.93
 76  76.50    7.47
 77  77.50    6.75
 78  78.50    5.98
 79  79.50    5.37
 80  80.50    4.71
 81  81.50    4.13
 82  82.50    3.68
 83  83.50    3.25
 84  84.50    2.81
 85  85.50    2.59
 86  86.50    2.51
 87  87.50    2.49
 88  88.50    2.49
 89  89.50    2.53
 90  90.50    2.57
 91  91.50    2.74
 92  92.50    3.00
 93  93.50    3.10
 94  94.50    2.92
 95  95.50    2.61
 96  96.50    2.21
 97  97.50    1.68
 98  98.50    1.29
 99  99.50    0.85
