  0   0.50   69.39
  1   1.50   97.98
  2   2.50  101.61
  3   3.50  100.87
  4   4.50   89.99
  5   5.50   80.64
  6   6.50   81.26
  7   7.50   80.81
  8   8.50   75.20
  9   9.50   71.28
 10  10.50   69.33
 11  11.50   64.20
 12  12.50   57.74
 13  13.50   46.94
 14  14.50   36.88
 15  15.50   29.97
 16  16.50   24.95
 17  17.50   19.99
 18  18.50   17.68
 19  19.50   17.47
 20  20.50   18.35
 21  21.50   20.54
 22  22.50   26.14
 23  23.50   38.37
 24  24.50   51.50
 25  25.50   60.68
 26  26.50   64.98
 27  27.50   62.38
 28  28.50   48.28
 29  29.50   28.06
 30  30.50   11.93
 31  31.50    3.63
 32  32.50    0.99
 33  33.50    0.00
 34  34.50    0.00
 35  35.50    0.00
 36  36.50    0.00
 37  37.50    0.00
 38  38.50    0.00
 39  39.50    0.00
 40  40.50    0.00
 41  41.50    0.00
 42  42.50    0.00
 43  43.50    0.00
 44  44.50    0.00
 45  45.50    0.00
 46  46.50    0.00
 47  47.50    0.00
 48  48.50    0.00
 49  49.50    0.35
 50  50.50    0.57
 51  51.50    1.10
 52  52.50    3.00
 53  53.50    7.41
 54  54.50   15.10
 55  55.50   24.52
 56  56.50   33.35
 57  57.50   42.63
 58  58.50   56.11
 59  59.50   72.14
 60  60.50   88.60
 61  61.50  105.39
 62  62.50  125.96
 63  63.50  144.66
 64  64.50  150.50
 65  65.50  148.18
 66  66.50  145.48
 67  67.50  143.06
 68  68.50  135.99
 69  69.50  127.11
 70  70.50  111.28
 71  71.50   94.44
 72  72.50   80.24
 73  73.50   68.28
 74  74.50   55.36
 75  75.50   45.47
 76  76.50   38.51
 77  77.50   32.36
 78  78.50   27.46
 79  79.50   23.63
 80  80.50   19.56
 81  81.50   15.53
 82  82.50   12.98
 83  83.50   11.16
 84  84.50    8.70
 85  85.50    5.76
 86  86.50    3.12
 87  87.50    1.08
 88  88.50    0.00
 89  89.50    0.00
 90  90.50    0.00
 91  91.50    0.00
 92  92.50    0.00
 93  93.50    0.00
 94  94.50    0.00
 95  95.50    0.00
 96  96.50    0.00
 97  97.50    0.00
 98  98.50    0.00
 99  99.50    0.00
