  0   0.50   10.40
  1   1.50   16.33
  2   2.50   16.98
  3   3.50   17.80
  4   4.50   19.92
  5   5.50   22.79
  6   6.50   25.38
  7   7.50   27.12
  8   8.50   28.04
  9   9.50   27.95
 10  10.50   25.61
 11  11.50   24.61
 12  12.50   25.93
 13  13.50   30.37
 14  14.50   38.06
 15  15.50   48.95
 16  16.50   56.12
 17  17.50   62.49
 18  18.50   65.41
 19  19.50   62.64
 20  20.50   56.04
 21  21.50   51.41
 22  22.50   47.69
 23  23.50   46.65
 24  24.50   47.76
 25  25.50   51.79
 26  26.50   60.75
 27  27.50   74.72
 28  28.50   98.04
 29  29.50  132.98
 30  30.50  169.73
 31  31.50  199.41
 32  32.50  213.71
 33  33.50  209.90
 34  34.50  185.58
 35  35.50  150.43
 36  36.50  113.06
 37  37.50   84.22
 38  38.50   59.63
 39  39.50   39.76
 40  40.50   23.96
 41  41.50   13.32
 42  42.50    6.06
 43  43.50    2.84
 44  44.50    1.27
 45  45.50    0.36
 46  46.50    0.00
 47  47.50    0.00
 48  48.50    0.00
 49  49.50    0.00
 50  50.50    0.00
 51  51.50    0.00
 52  52.50    0.00
 53  53.50    0.00
 54  54.50    0.00
 55  55.50    0.00
 56  56.50    0.00
 57  57.50    0.00
 58  58.50    0.00
 59  59.50    0.00
 60  60.50    0.00
 61  61.50    0.00
 62  62.50    0.00
 63  63.50    0.00
 64  64.50    0.00
 65  65.50    0.73
 66  66.50    2.92
 67  67.50    7.12
 68  68.50   12.91
 69  69.50   19.27
 70  70.50   25.74
 71  71.50   34.03
 72  72.50   43.41
 73  73.50   53.92
 74  74.50   65.30
 75  75.50   75.35
 76  76.50   83.31
 77  77.50   90.76
 78  78.50   95.31
 79  79.50   96.27
 80  80.50   95.19
 81  81.50   90.32
 82  82.50   81.16
 83  83.50   70.97
 84  84.50   60.20
 85  85.50   49.41
 86  86.50   39.82
 87  87.50   31.95
 88  88.50   24.79
 89  89.50   18.57
 90  90.50   13.81
 91  91.50   10.42
 92  92.50    7.89
 93  93.50    6.11
 94  94.50    5.02
 95  95.50    4.19
 96  96.50    3.44
 97  97.50    2.09
 98  98.50    0.59
 99  99.50    0.00
