  0   0.50   35.44
  1   1.50   49.12
  2   2.50   50.16
  3   3.50   61.74
  4   4.50   75.03
  5   5.50   77.38
  6   6.50   76.55
  7   7.50   83.89
  8   8.50   95.02
  9   9.50  103.42
 10  10.50  112.95
 11  11.50  128.97
 12  12.50  140.34
 13  13.50  151.45
 14  14.50  159.03
 15  15.50  160.53
 16  16.50  159.88
 17  17.50  162.09
 18  18.50  163.69
 19  19.50  163.71
 20  20.50  159.61
 21  21.50  156.74
 22  22.50  158.97
 23  23.50  162.28
 24  24.50  160.57
 25  25.50  160.18
 26  26.50  159.33
 27  27.50  161.62
 28  28.50  162.96
 29  29.50  164.63
 30  30.50  165.46
 31  31.50  166.46
 32  32.50  160.06
 33  33.50  155.83
 34  34.50  156.45
 35  35.50  156.87
 36  36.50  154.20
 37  37.50  157.36
 38  38.50  161.47
 39  39.50  161.32
 40  40.50  158.75
 41  41.50  157.36
 42  42.50  153.24
 43  43.50  139.38
 44  44.50  119.93
 45  45.50   98.70
 46  46.50   78.23
 47  47.50   57.87
 48  48.50   41.49
 49  49.50   28.48
 50  50.50   19.29
 51  51.50   12.56
 52  52.50    8.52
 53  53.50    5.70
 54  54.50    3.29
 55  55.50    1.62
 56  56.50    0.71
 57  57.50    0.00
 58  58.50    0.00
 59  59.50    0.00
 60  60.50    0.00
 61  61.50    0.00
 62  62.50    0.00
 63  63.50    0.00
 64  64.50    0.00
 65  65.50    0.00
 66  66.50    0.00
 67  67.50    0.00
 68  68.50    0.00
 69  69.50    0.00
 70  70.50    0.00
 71  71.50    0.00
 72  72.50    0.00
 73  73.50    0.00
 74  74.50    0.00
 75  75.50    0.00
 76  76.50    0.00
 77  77.50    0.00
 78  78.50    0.00
 79  79.50    0.00
 80  80.50    0.00
 81  81.50    0.00
 82  82.50    0.00
 83  83.50    0.00
 84  84.50    0.00
 85  85.50    0.00
 86  86.50    0.00
 87  87.50    0.00
 88  88.50    0.00
 89  89.50    0.00
 90  90.50    0.00
 91  91.50    0.00
 92  92.50    0.00
 93  93.50    0.00
 94  94.50    0.00
 95  95.50    0.00
 96  96.50    0.00
 97  97.50    0.00
 98  98.50    0.00
 99  99.50    0.00
