  0   0.50   29.36
  1   1.50   44.97
  2   2.50   49.98
  3   3.50   51.62
  4   4.50   43.90
  5   5.50   33.66
  6   6.50   28.65
  7   7.50   28.91
  8   8.50   29.42
  9   9.50   27.68
 10  10.50   24.93
 11  11.50   21.23
 12  12.50   14.71
 13  13.50    8.34
 14  14.50    4.08
 15  15.50    1.64
 16  16.50    0.48
 17  17.50    0.08
 18  18.50    0.00
 19  19.50    0.00
 20  20.50    0.00
 21  21.50    0.00
 22  22.50    0.00
 23  23.50    0.00
 24  24.50    0.00
 25  25.50    0.00
 26  26.50    0.00
 27  27.50    0.00
 28  28.50    0.00
 29  29.50    0.00
 30  30.50    0.00
 31  31.50    0.00
 32  32.50    0.00
 33  33.50    0.00
 34  34.50    0.00
 35  35.50    0.00
 36  36.50    0.00
 37  37.50    0.00
 38  38.50    0.00
 39  39.50    0.00
 40  40.50    0.00
 41  41.50    0.00
 42  42.50    0.00
 43  43.50    0.00
 44  44.50    0.00
 45  45.50    0.00
 46  46.50    0.00
 47  47.50    0.00
 48  48.50    0.00
 49  49.50    0.00
 50  50.50    0.00
 51  51.50    0.00
 52  52.50    0.00
 53  53.50    0.00
 54  54.50    0.00
 55  55.50    0.00
 56  56.50    0.00
 57  57.50    0.00
 58  58.50    0.00
 59  59.50    0.00
 60  60.50    0.00
 61  61.50    0.00
 62  62.50    0.00
 63  63.50    0.00
 64  64.50    0.00
 65  65.50    0.00
 66  66.50    0.00
 67  67.50    0.00
 68  68.50    0.00
 69  69.50    0.00
 70  70.50    0.00
 71  71.50    0.00
 72  72.50    0.00
 73  73.50    0.00
 74  74.50    0.00
 75  75.50    0.00
 76  76.50    0.00
 77  77.50    0.00
 78  78.50    0.00
 79  79.50    0.00
 80  80.50    0.28
 81  81.50    0.18
 82  82.50    0.00
 83  83.50    0.65
 84  84.50    1.39
 85  85.50    2.26
 86  86.50    3.52
 87  87.50    5.84
 88  88.50    9.13
 89  89.50   15.35
 90  90.50   26.83
 91  91.50   43.36
 92  92.50   62.23
 93  93.50   82.37
 94  94.50   99.18
 95  95.50  109.02
 96  96.50  110.40
 97  97.50  111.02
 98  98.50  105.02
 99  99.50   67.80
