  0   0.50    0.00
  1   1.50    0.00
  2   2.50    0.00
  3   3.50    0.00
  4   4.50    0.00
  5   5.50   10.79
  6   6.50   20.42
  7   7.50   28.09
  8   8.50   40.91
  9   9.50   58.75
 10  10.50   76.50
 11  11.50   90.20
 12  12.50  101.37
 13  13.50  116.47
 14  14.50  125.77
 15  15.50  125.60
 16  16.50  122.84
 17  17.50  125.88
 18  18.50  123.05
 19  19.50  113.31
 20  20.50  110.22
 21  21.50  114.51
 22  22.50  111.20
 23  23.50  104.00
 24  24.50   99.92
 25  25.50   96.52
 26  26.50   92.51
 27  27.50   92.06
 28  28.50   93.10
 29  29.50   93.49
 30  30.50   93.62
 31  31.50   95.73
 32  32.50   98.31
 33  33.50   98.62
 34  34.50   96.31
 35  35.50   92.48
 36  36.50   93.76
 37  37.50   97.67
 38  38.50   99.60
 39  39.50   97.52
 40  40.50   99.00
 41  41.50  105.92
 42  42.50  110.02
 43  43.50  107.16
 44  44.50   97.95
 45  45.50   80.84
 46  46.50   58.51
 47  47.50   42.34
 48  48.50   30.59
 49  49.50   19.50
 50  50.50   10.92
 51  51.50    5.88
 52  52.50    2.46
 53  53.50    0.11
 54  54.50    0.00
 55  55.50    0.00
 56  56.50    0.00
 57  57.50    0.00
 58  58.50    0.00
 59  59.50    0.00
 60  60.50    0.00
 61  61.50    0.00
 62  62.50    0.00
 63  63.50    0.00
 64  64.50    0.00
 65  65.50    0.00
 66  66.50    0.00
 67  67.50    0.00
 68  68.50    0.00
 69  69.50    0.00
 70  70.50    0.00
 71  71.50    0.00
 72  72.50    0.00
 73  73.50    0.00
 74  74.50    0.00
 75  75.50    0.00
 76  76.50    0.00
 77  77.50    0.00
 78  78.50    0.00
 79  79.50    0.00
 80  80.50    0.00
 81  81.50    0.00
 82  82.50    0.00
 83  83.50    0.00
 84  84.50    0.00
 85  85.50    0.00
 86  86.50    0.00
 87  87.50    0.00
 88  88.50    0.00
 89  89.50    0.00
 90  90.50    0.00
 91  91.50    0.00
 92  92.50    0.00
 93  93.50    0.00
 94  94.50    0.00
 95  95.50    0.00
 96  96.50    0.00
 97  97.50    0.00
 98  98.50    0.00
 99  99.50    0.00
