  0   0.50   13.25
  1   1.50   35.02
  2   2.50   47.73
  3   3.50   48.79
  4   4.50   50.55
  5   5.50   50.40
  6   6.50   48.49
  7   7.50   48.41
  8   8.50   56.29
  9   9.50   63.34
 10  10.50   70.09
 11  11.50   81.74
 12  12.50   89.02
 13  13.50   88.44
 14  14.50   89.38
 15  15.50   94.85
 16  16.50   91.93
 17  17.50   90.26
 18  18.50   93.17
 19  19.50   92.97
 20  20.50   87.23
 21  21.50   85.86
 22  22.50   83.42
 23  23.50   81.20
 24  24.50   77.49
 25  25.50   74.86
 26  26.50   73.75
 27  27.50   77.25
 28  28.50   78.70
 29  29.50   77.53
 30  30.50   77.64
 31  31.50   80.50
 32  32.50   82.70
 33  33.50   83.98
 34  34.50   82.91
 35  35.50   79.24
 36  36.50   76.31
 37  37.50   76.40
 38  38.50   77.19
 39  39.50   79.05
 40  40.50   83.57
 41  41.50   88.25
 42  42.50   91.26
 43  43.50   91.57
 44  44.50   85.03
 45  45.50   72.21
 46  46.50   56.68
 47  47.50   43.33
 48  48.50   31.23
 49  49.50   20.91
 50  50.50   12.48
 51  51.50    8.40
 52  52.50    6.75
 53  53.50    5.34
 54  54.50    2.76
 55  55.50    0.21
 56  56.50    0.00
 57  57.50    0.00
 58  58.50    0.00
 59  59.50    0.00
 60  60.50    0.00
 61  61.50    0.00
 62  62.50    0.00
 63  63.50    0.00
 64  64.50    0.00
 65  65.50    0.00
 66  66.50    0.00
 67  67.50    0.00
 68  68.50    0.00
 69  69.50    0.00
 70  70.50    0.00
 71  71.50    0.00
 72  72.50    0.00
 73  73.50    0.00
 74  74.50    0.00
 75  75.50    0.00
 76  76.50    0.00
 77  77.50    0.00
 78  78.50    0.00
 79  79.50    0.00
 80  80.50    0.00
 81  81.50    0.00
 82  82.50    0.00
 83  83.50    0.00
 84  84.50    0.00
 85  85.50    0.00
 86  86.50    0.00
 87  87.50    0.00
 88  88.50    0.00
 89  89.50    0.00
 90  90.50    0.00
 91  91.50    0.00
 92  92.50    0.00
 93  93.50    0.00
 94  94.50    0.00
 95  95.50    0.00
 96  96.50    0.00
 97  97.50    0.00
 98  98.50    0.00
 99  99.50    0.00
