  0   0.50   41.13
  1   1.50   55.83
  2   2.50   51.98
  3   3.50   46.53
  4   4.50   41.67
  5   5.50   42.72
  6   6.50   45.20
  7   7.50   46.19
  8   8.50   47.16
  9   9.50   46.80
 10  10.50   44.01
 11  11.50   38.76
 12  12.50   35.65
 13  13.50   32.80
 14  14.50   29.91
 15  15.50   26.03
 16  16.50   23.74
 17  17.50   20.00
 18  18.50   18.07
 19  19.50   16.44
 20  20.50   13.33
 21  21.50    9.75
 22  22.50    8.15
 23  23.50    6.63
 24  24.50    4.93
 25  25.50    3.89
 26  26.50    4.02
 27  27.50    4.57
 28  28.50    4.24
 29  29.50    3.67
 30  30.50    3.66
 31  31.50    2.81
 32  32.50    2.31
 33  33.50    2.17
 34  34.50    2.28
 35  35.50    1.95
 36  36.50    1.85
 37  37.50    1.40
 38  38.50    0.35
 39  39.50    0.00
 40  40.50    0.00
 41  41.50    0.00
 42  42.50    0.00
 43  43.50    0.00
 44  44.50    0.00
 45  45.50    0.00
 46  46.50    0.00
 47  47.50    0.00
 48  48.50    0.00
 49  49.50    0.00
 50  50.50    0.00
 51  51.50    0.00
 52  52.50    0.00
 53  53.50    0.00
 54  54.50    1.32
 55  55.50    4.19
 56  56.50    8.56
 57  57.50   14.54
 58  58.50   22.64
 59  59.50   32.15
 60  60.50   44.95
 61  61.50   57.26
 62  62.50   71.95
 63  63.50   87.86
 64  64.50  100.20
 65  65.50  106.59
 66  66.50  108.60
 67  67.50  110.25
 68  68.50  112.91
 69  69.50  110.14
 70  70.50   99.40
 71  71.50   88.81
 72  72.50   80.13
 73  73.50   73.01
 74  74.50   67.76
 75  75.50   60.48
 76  76.50   49.67
 77  77.50   38.95
 78  78.50   33.33
 79  79.50   31.04
 80  80.50   27.63
 81  81.50   24.12
 82  82.50   23.27
 83  83.50   21.32
 84  84.50   16.31
 85  85.50   10.52
 86  86.50    6.67
 87  87.50    4.13
 88  88.50    2.51
 89  89.50    1.18
 90  90.50    0.71
 91  91.50    0.77
 92  92.50    0.57
 93  93.50    0.00
 94  94.50    0.00
 95  95.50    0.00
 96  96.50    0.00
 97  97.50    0.00
 98  98.50    0.00
 99  99.50    0.00
