  0   0.50   79.00
  1   1.50  109.26
  2   2.50  103.42
  3   3.50   94.37
  4   4.50   86.55
  5   5.50   84.12
  6   6.50   83.46
  7   7.50   82.82
  8   8.50   78.36
  9   9.50   70.27
 10  10.50   62.86
 11  11.50   57.18
 12  12.50   49.94
 13  13.50   41.53
 14  14.50   35.20
 15  15.50   31.37
 16  16.50   27.58
 17  17.50   24.34
 18  18.50   22.42
 19  19.50   22.91
 20  20.50   22.87
 21  21.50   23.41
 22  22.50   24.18
 23  23.50   24.35
 24  24.50   24.54
 25  25.50   24.41
 26  26.50   21.78
 27  27.50   16.61
 28  28.50   10.46
 29  29.50    6.23
 30  30.50    4.10
 31  31.50    2.34
 32  32.50    1.00
 33  33.50    0.33
 34  34.50    0.00
 35  35.50    0.00
 36  36.50    0.00
 37  37.50    0.00
 38  38.50    0.00
 39  39.50    0.00
 40  40.50    0.00
 41  41.50    0.00
 42  42.50    0.00
 43  43.50    0.00
 44  44.50    0.00
 45  45.50    0.00
 46  46.50    0.00
 47  47.50    0.00
 48  48.50    0.00
 49  49.50    0.00
 50  50.50    0.00
 51  51.50    0.00
 52  52.50    0.30
 53  53.50    2.23
 54  54.50    5.65
 55  55.50   11.13
 56  56.50   19.55
 57  57.50   31.01
 58  58.50   45.48
 59  59.50   67.01
 60  60.50   92.66
 61  61.50  120.15
 62  62.50  146.21
 63  63.50  169.50
 64  64.50  188.75
 65  65.50  202.11
 66  66.50  205.06
 67  67.50  204.30
 68  68.50  204.85
 69  69.50  197.85
 70  70.50  183.11
 71  71.50  163.09
 72  72.50  142.35
 73  73.50  120.40
 74  74.50   98.75
 75  75.50   79.08
 76  76.50   65.81
 77  77.50   55.77
 78  78.50   46.80
 79  79.50   40.40
 80  80.50   35.28
 81  81.50   29.86
 82  82.50   24.10
 83  83.50   19.58
 84  84.50   15.83
 85  85.50   12.31
 86  86.50    9.12
 87  87.50    6.70
 88  88.50    4.96
 89  89.50    3.39
 90  90.50    1.74
 91  91.50    0.36
 92  92.50    0.00
 93  93.50    0.00
 94  94.50    0.00
 95  95.50    0.00
 96  96.50    0.00
 97  97.50    0.00
 98  98.50    0.00
 99  99.50    0.00
