  0   0.50   86.84
  1   1.50  118.41
  2   2.50  116.45
  3   3.50  115.47
  4   4.50  106.76
  5   5.50   95.39
  6   6.50   83.93
  7   7.50   77.57
  8   8.50   71.06
  9   9.50   63.99
 10  10.50   54.02
 11  11.50   43.79
 12  12.50   35.84
 13  13.50   28.13
 14  14.50   20.94
 15  15.50   16.81
 16  16.50   15.79
 17  17.50   14.92
 18  18.50   14.08
 19  19.50   13.33
 20  20.50   14.93
 21  21.50   19.28
 22  22.50   25.80
 23  23.50   33.16
 24  24.50   38.78
 25  25.50   40.47
 26  26.50   35.51
 27  27.50   23.83
 28  28.50   11.99
 29  29.50    5.02
 30  30.50    2.25
 31  31.50    1.70
 32  32.50    1.49
 33  33.50    0.69
 34  34.50    0.00
 35  35.50    0.00
 36  36.50    0.00
 37  37.50    0.00
 38  38.50    0.00
 39  39.50    0.00
 40  40.50    0.00
 41  41.50    0.00
 42  42.50    0.00
 43  43.50    0.00
 44  44.50    0.00
 45  45.50    0.00
 46  46.50    0.00
 47  47.50    0.00
 48  48.50    0.00
 49  49.50    0.00
 50  50.50    0.00
 51  51.50    0.00
 52  52.50    1.40
 53  53.50    5.81
 54  54.50   12.07
 55  55.50   19.83
 56  56.50   29.48
 57  57.50   40.99
 58  58.50   55.61
 59  59.50   76.43
 60  60.50   98.93
 61  61.50  120.53
 62  62.50  141.38
 63  63.50  157.97
 64  64.50  167.74
 65  65.50  174.18
 66  66.50  179.48
 67  67.50  174.38
 68  68.50  162.79
 69  69.50  149.65
 70  70.50  136.72
 71  71.50  116.95
 72  72.50   95.66
 73  73.50   78.59
 74  74.50   66.83
 75  75.50   56.41
 76  76.50   47.57
 77  77.50   40.65
 78  78.50   34.46
 79  79.50   29.81
 80  80.50   26.52
 81  81.50   22.89
 82  82.50   18.54
 83  83.50   14.04
 84  84.50   10.27
 85  85.50    7.57
 86  86.50    4.73
 87  87.50    2.57
 88  88.50    1.26
 89  89.50    0.24
 90  90.50    0.00
 91  91.50    0.00
 92  92.50    0.00
 93  93.50    0.00
 94  94.50    0.00
 95  95.50    0.00
 96  96.50    0.00
 97  97.50    0.00
 98  98.50    0.00
 99  99.50    0.00
