  0   0.50    0.00
  1   1.50    0.00
  2   2.50    0.00
  3   3.50    0.00
  4   4.50    0.00
  5   5.50    0.00
  6   6.50    0.00
  7   7.50    0.00
  8   8.50    0.00
  9   9.50    0.00
 10  10.50    0.00
 11  11.50    2.20
 12  12.50    6.31
 13  13.50   11.77
 14  14.50   19.17
 15  15.50   28.88
 16  16.50   40.80
 17  17.50   56.25
 18  18.50   74.91
 19  19.50   91.96
 20  20.50  104.08
 21  21.50  113.38
 22  22.50  122.14
 23  23.50  130.56
 24  24.50  136.32
 25  25.50  139.58
 26  26.50  142.74
 27  27.50  148.25
 28  28.50  154.95
 29  29.50  161.68
 30  30.50  164.45
 31  31.50  163.29
 32  32.50  158.00
 33  33.50  149.10
 34  34.50  134.78
 35  35.50  116.71
 36  36.50   94.28
 37  37.50   70.97
 38  38.50   48.83
 39  39.50   31.10
 40  40.50   18.32
 41  41.50   10.12
 42  42.50    4.81
 43  43.50    2.28
 44  44.50    0.95
 45  45.50    0.00
 46  46.50    0.00
 47  47.50    0.00
 48  48.50    0.00
 49  49.50    0.00
 50  50.50    0.00
 51  51.50    0.00
 52  52.50    0.00
 53  53.50    0.00
 54  54.50    0.00
 55  55.50    0.00
 56  56.50    0.00
 57  57.50    0.00
 58  58.50    0.00
 59  59.50    0.00
 60  60.50    0.00
 61  61.50    0.00
 62  62.50    0.00
 63  63.50    0.73
 64  64.50    1.66
 65  65.50    3.59
 66  66.50    6.68
 67  67.50   10.63
 68  68.50   15.32
 69  69.50   21.22
 70  70.50   27.42
 71  71.50   34.85
 72  72.50   44.24
 73  73.50   55.31
 74  74.50   63.42
 75  75.50   70.11
 76  76.50   77.13
 77  77.50   84.74
 78  78.50   91.38
 79  79.50   97.54
 80  80.50  101.48
 81  81.50  103.52
 82  82.50  105.80
 83  83.50  105.62
 84  84.50  103.85
 85  85.50   98.55
 86  86.50   92.27
 87  87.50   86.37
 88  88.50   82.61
 89  89.50   76.63
 90  90.50   70.11
 91  91.50   62.54
 92  92.50   54.21
 93  93.50   47.63
 94  94.50   42.79
 95  95.50   37.88
 96  96.50   31.93
 97  97.50   26.80
 98  98.50   24.22
 99  99.50   16.85
