  0   0.50    0.00
  1   1.50    0.00
  2   2.50    0.00
  3   3.50    0.00
  4   4.50    0.00
  5   5.50    0.07
  6   6.50    0.74
  7   7.50    2.01
  8   8.50    3.44
  9   9.50    4.14
 10  10.50    4.14
 11  11.50    4.05
 12  12.50    4.09
 13  13.50    3.69
 14  14.50    2.75
 15  15.50    1.94
 16  16.50    1.19
 17  17.50    0.16
 18  18.50    0.00
 19  19.50    0.00
 20  20.50    0.00
 21  21.50    0.00
 22  22.50    0.00
 23  23.50    0.00
 24  24.50    0.00
 25  25.50    0.00
 26  26.50    0.00
 27  27.50    0.00
 28  28.50    0.00
 29  29.50    0.00
 30  30.50    0.00
 31  31.50    0.00
 32  32.50    0.00
 33  33.50    0.00
 34  34.50    0.00
 35  35.50    0.09
 36  36.50    0.69
 37  37.50    2.09
 38  38.50    4.04
 39  39.50    6.99
 40  40.50   12.03
 41  41.50   20.94
 42  42.50   35.19
 43  43.50   54.28
 44  44.50   79.35
 45  45.50  109.54
 46  46.50  145.26
 47  47.50  172.94
 48  48.50  188.11
 49  49.50  193.25
 50  50.50  198.38
 51  51.50  196.03
 52  52.50  193.35
 53  53.50  184.33
 54  54.50  172.53
 55  55.50  157.28
 56  56.50  140.82
 57  57.50  118.52
 58  58.50   98.50
 59  59.50   82.98
 60  60.50   70.43
 61  61.50   57.04
 62  62.50   41.61
 63  63.50   28.11
 64  64.50   18.20
 65  65.50   11.43
 66  66.50    7.21
 67  67.50    4.51
 68  68.50    2.03
 69  69.50    0.00
 70  70.50    0.00
 71  71.50    0.00
 72  72.50    0.00
 73  73.50    0.00
 74  74.50    0.00
 75  75.50    0.00
 76  76.50    0.00
 77  77.50    0.00
 78  78.50    0.00
 79  79.50    0.00
 80  80.50    0.00
 81  81.50    0.00
 82  82.50    0.00
 83  83.50    0.00
 84  84.50    0.00
 85  85.50    0.00
 86  86.50    0.00
 87  87.50    0.00
 88  88.50    0.00
 89  89.50    0.00
 90  90.50    0.00
 91  91.50    0.00
 92  92.50    0.00
 93  93.50    0.00
 94  94.50    0.05
 95  95.50    0.11
 96  96.50    0.53
 97  97.50    1.42
 98  98.50    1.43
 99  99.50    0.00
