  0   0.50    0.98
  1   1.50    1.37
  2   2.50    1.59
  3   3.50    2.02
  4   4.50    2.41
  5   5.50    2.63
  6   6.50    2.57
  7   7.50    2.34
  8   8.50    2.08
  9   9.50    1.78
 10  10.50    1.48
 11  11.50    1.29
 12  12.50    1.29
 13  13.50    1.46
 14  14.50    1.64
 15  15.50    1.63
 16  16.50    1.57
 17  17.50    1.71
 18  18.50    1.97
 19  19.50    2.43
 20  20.50    3.56
 21  21.50    5.57
 22  22.50    8.17
 23  23.50   13.40
 24  24.50   23.19
 25  25.50   38.42
 26  26.50   60.83
 27  27.50   89.70
 28  28.50  119.46
 29  29.50  143.54
 30  30.50  157.23
 31  31.50  159.22
 32  32.50  151.18
 33  33.50  134.52
 34  34.50  113.51
 35  35.50   93.64
 36  36.50   78.60
 37  37.50   69.11
 38  38.50   65.67
 39  39.50   68.33
 40  40.50   76.10
 41  41.50   83.65
 42  42.50   86.23
 43  43.50   81.62
 44  44.50   71.62
 45  45.50   59.03
 46  46.50   46.38
 47  47.50   36.89
 48  48.50   34.13
 49  49.50   37.14
 50  50.50   41.39
 51  51.50   42.34
 52  52.50   37.71
 53  53.50   28.87
 54  54.50   19.92
 55  55.50   16.08
 56  56.50   19.45
 57  57.50   28.52
 58  58.50   38.68
 59  59.50   44.42
 60  60.50   42.66
 61  61.50   35.56
 62  62.50   28.02
 63  63.50   22.96
 64  64.50   21.39
 65  65.50   23.37
 66  66.50   27.72
 67  67.50   31.49
 68  68.50   33.30
 69  69.50   32.92
 70  70.50   30.50
 71  71.50   26.98
 72  72.50   23.35
 73  73.50   20.08
 74  74.50   17.70
 75  75.50   17.03
 76  76.50   17.10
 77  77.50   17.63
 78  78.50   19.18
 79  79.50   21.27
 80  80.50   23.12
 81  81.50   24.16
 82  82.50   24.14
 83  83.50   23.08
 84  84.50   21.18
 85  85.50   18.01
 86  86.50   14.24
 87  87.50   10.38
 88  88.50    6.90
 89  89.50    4.31
 90  90.50    2.83
 91  91.50    1.96
 92  92.50    1.36
 93  93.50    0.91
 94  94.50    0.68
 95  95.50    0.50
 96  96.50    0.42
 97  97.50    0.38
 98  98.50    0.29
 99  99.50    0.13
