  0   0.50    0.00
  1   1.50    0.00
  2   2.50    0.00
  3   3.50    0.00
  4   4.50    0.00
  5   5.50    0.10
  6   6.50    0.55
  7   7.50    1.08
  8   8.50    1.92
  9   9.50    2.98
 10  10.50    4.34
 11  11.50    6.81
 12  12.50   10.14
 13  13.50   14.44
 14  14.50   19.82
 15  15.50   26.41
 16  16.50   33.55
 17  17.50   41.94
 18  18.50   50.11
 19  19.50   57.33
 20  20.50   62.74
 21  21.50   67.20
 22  22.50   71.33
 23  23.50   76.59
 24  24.50   79.97
 25  25.50   80.77
 26  26.50   81.71
 27  27.50   85.51
 28  28.50   87.06
 29  29.50   84.73
 30  30.50   83.55
 31  31.50   82.67
 32  32.50   76.20
 33  33.50   66.93
 34  34.50   60.13
 35  35.50   53.25
 36  36.50   44.50
 37  37.50   35.49
 38  38.50   27.38
 39  39.50   20.44
 40  40.50   14.91
 41  41.50   10.82
 42  42.50    7.55
 43  43.50    5.10
 44  44.50    3.47
 45  45.50    2.31
 46  46.50    1.47
 47  47.50    1.06
 48  48.50    0.62
 49  49.50    0.28
 50  50.50    0.00
 51  51.50    0.00
 52  52.50    0.00
 53  53.50    0.00
 54  54.50    0.00
 55  55.50    0.00
 56  56.50    0.00
 57  57.50    0.00
 58  58.50    0.00
 59  59.50    0.00
 60  60.50    0.00
 61  61.50    0.00
 62  62.50    0.23
 63  63.50    0.60
 64  64.50    0.90
 65  65.50    1.68
 66  66.50    2.98
 67  67.50    4.84
 68  68.50    7.48
 69  69.50   10.99
 70  70.50   14.43
 71  71.50   18.83
 72  72.50   23.41
 73  73.50   28.56
 74  74.50   33.40
 75  75.50   37.96
 76  76.50   41.86
 77  77.50   45.79
 78  78.50   49.13
 79  79.50   51.44
 80  80.50   53.01
 81  81.50   55.01
 82  82.50   56.97
 83  83.50   56.63
 84  84.50   55.75
 85  85.50   55.24
 86  86.50   54.21
 87  87.50   52.36
 88  88.50   50.20
 89  89.50   47.34
 90  90.50   44.94
 91  91.50   43.05
 92  92.50   40.44
 93  93.50   37.03
 94  94.50   34.47
 95  95.50   32.62
 96  96.50   28.18
 97  97.50   22.09
 98  98.50   20.82
 99  99.50   15.99
