  0   0.50    0.00
  1   1.50    0.00
  2   2.50    0.00
  3   3.50    0.00
  4   4.50    0.00
  5   5.50    0.00
  6   6.50    0.05
  7   7.50    1.17
  8   8.50    2.77
  9   9.50    4.99
 10  10.50    8.69
 11  11.50   16.01
 12  12.50   25.97
 13  13.50   38.21
 14  14.50   52.55
 15  15.50   68.25
 16  16.50   82.84
 17  17.50   97.23
 18  18.50  107.66
 19  19.50  117.21
 20  20.50  122.84
 21  21.50  127.03
 22  22.50  133.19
 23  23.50  142.82
 24  24.50  148.67
 25  25.50  158.55
 26  26.50  171.15
 27  27.50  185.38
 28  28.50  200.28
 29  29.50  212.60
 30  30.50  218.27
 31  31.50  224.79
 32  32.50  229.86
 33  33.50  226.68
 34  34.50  213.56
 35  35.50  195.73
 36  36.50  171.00
 37  37.50  138.65
 38  38.50  102.18
 39  39.50   68.64
 40  40.50   41.70
 41  41.50   24.24
 42  42.50   14.30
 43  43.50    8.59
 44  44.50    5.28
 45  45.50    3.03
 46  46.50    1.50
 47  47.50    0.60
 48  48.50    0.37
 49  49.50    0.55
 50  50.50    0.33
 51  51.50    0.00
 52  52.50    0.00
 53  53.50    0.00
 54  54.50    0.00
 55  55.50    0.00
 56  56.50    0.00
 57  57.50    0.00
 58  58.50    0.00
 59  59.50    0.00
 60  60.50    0.00
 61  61.50    0.00
 62  62.50    0.00
 63  63.50    0.00
 64  64.50    0.00
 65  65.50    0.59
 66  66.50    1.45
 67  67.50    3.06
 68  68.50    5.97
 69  69.50   10.94
 70  70.50   18.44
 71  71.50   28.67
 72  72.50   43.08
 73  73.50   60.47
 74  74.50   77.60
 75  75.50   91.98
 76  76.50  104.97
 77  77.50  117.00
 78  78.50  127.07
 79  79.50  132.86
 80  80.50  136.64
 81  81.50  137.08
 82  82.50  132.96
 83  83.50  125.61
 84  84.50  117.54
 85  85.50  107.12
 86  86.50   98.60
 87  87.50   89.58
 88  88.50   77.38
 89  89.50   63.52
 90  90.50   52.67
 91  91.50   42.69
 92  92.50   34.54
 93  93.50   29.63
 94  94.50   28.51
 95  95.50   26.67
 96  96.50   22.53
 97  97.50   18.61
 98  98.50   15.37
 99  99.50    8.18
