  0   0.50    0.00
  1   1.50    0.63
  2   2.50    0.46
  3   3.50    0.23
  4   4.50    0.15
  5   5.50    0.32
  6   6.50    0.11
  7   7.50    0.00
  8   8.50    0.00
  9   9.50    0.00
 10  10.50    0.00
 11  11.50    0.00
 12  12.50    0.00
 13  13.50    0.00
 14  14.50    0.00
 15  15.50    0.00
 16  16.50    0.00
 17  17.50    0.00
 18  18.50    0.00
 19  19.50    0.00
 20  20.50    0.00
 21  21.50    0.00
 22  22.50    0.00
 23  23.50    0.00
 24  24.50    0.00
 25  25.50    0.00
 26  26.50    0.00
 27  27.50    0.00
 28  28.50    0.00
 29  29.50    0.00
 30  30.50    0.00
 31  31.50    0.00
 32  32.50    0.00
 33  33.50    0.00
 34  34.50    0.18
 35  35.50    0.30
 36  36.50    0.88
 37  37.50    1.70
 38  38.50    2.52
 39  39.50    3.44
 40  40.50    5.32
 41  41.50    9.05
 42  42.50   14.90
 43  43.50   23.25
 44  44.50   36.10
 45  45.50   52.03
 46  46.50   69.67
 47  47.50   88.59
 48  48.50  104.92
 49  49.50  115.11
 50  50.50  121.92
 51  51.50  130.23
 52  52.50  139.05
 53  53.50  140.90
 54  54.50  137.28
 55  55.50  134.51
 56  56.50  135.26
 57  57.50  131.65
 58  58.50  124.08
 59  59.50  111.59
 60  60.50   97.78
 61  61.50   83.15
 62  62.50   68.90
 63  63.50   51.77
 64  64.50   36.26
 65  65.50   25.46
 66  66.50   18.35
 67  67.50   12.62
 68  68.50    8.55
 69  69.50    5.40
 70  70.50    3.28
 71  71.50    1.82
 72  72.50    0.96
 73  73.50    0.47
 74  74.50    0.05
 75  75.50    0.00
 76  76.50    0.00
 77  77.50    0.00
 78  78.50    0.00
 79  79.50    0.00
 80  80.50    0.00
 81  81.50    0.00
 82  82.50    0.00
 83  83.50    0.00
 84  84.50    0.00
 85  85.50    0.00
 86  86.50    0.00
 87  87.50    0.00
 88  88.50    0.00
 89  89.50    0.00
 90  90.50    0.00
 91  91.50    0.00
 92  92.50    0.00
 93  93.50    0.00
 94  94.50    0.43
 95  95.50    1.03
 96  96.50    1.43
 97  97.50    1.53
 98  98.50    1.50
 99  99.50    0.16
