  0   0.50    4.87
  1   1.50    7.71
  2   2.50    6.95
  3   3.50    5.99
  4   4.50    5.59
  5   5.50    5.83
  6   6.50    4.98
  7   7.50    5.08
  8   8.50    6.30
  9   9.50    6.67
 10  10.50    4.94
 11  11.50    3.74
 12  12.50    3.90
 13  13.50    4.21
 14  14.50    3.16
 15  15.50    1.90
 16  16.50    1.19
 17  17.50    0.86
 18  18.50    0.55
 19  19.50    0.00
 20  20.50    0.00
 21  21.50    0.00
 22  22.50    0.00
 23  23.50    0.00
 24  24.50    0.00
 25  25.50    0.00
 26  26.50    0.00
 27  27.50    0.00
 28  28.50    0.00
 29  29.50    0.00
 30  30.50    0.00
 31  31.50    0.00
 32  32.50    0.00
 33  33.50    0.00
 34  34.50    0.20
 35  35.50    1.04
 36  36.50    1.65
 37  37.50    2.81
 38  38.50    5.17
 39  39.50    9.29
 40  40.50   16.81
 41  41.50   27.55
 42  42.50   44.37
 43  43.50   69.15
 44  44.50   99.48
 45  45.50  128.05
 46  46.50  153.18
 47  47.50  172.40
 48  48.50  186.44
 49  49.50  196.64
 50  50.50  202.95
 51  51.50  204.94
 52  52.50  204.63
 53  53.50  203.42
 54  54.50  198.32
 55  55.50  192.86
 56  56.50  184.36
 57  57.50  173.39
 58  58.50  159.54
 59  59.50  144.18
 60  60.50  124.00
 61  61.50  102.87
 62  62.50   80.81
 63  63.50   59.43
 64  64.50   40.78
 65  65.50   26.92
 66  66.50   17.69
 67  67.50   11.87
 68  68.50    7.68
 69  69.50    4.31
 70  70.50    1.89
 71  71.50    0.41
 72  72.50    0.00
 73  73.50    0.00
 74  74.50    0.00
 75  75.50    0.00
 76  76.50    0.00
 77  77.50    0.00
 78  78.50    0.00
 79  79.50    0.00
 80  80.50    0.00
 81  81.50    0.00
 82  82.50    0.00
 83  83.50    0.00
 84  84.50    0.00
 85  85.50    0.00
 86  86.50    0.00
 87  87.50    0.00
 88  88.50    0.00
 89  89.50    0.00
 90  90.50    0.49
 91  91.50    1.00
 92  92.50    1.46
 93  93.50    1.53
 94  94.50    1.89
 95  95.50    2.81
 96  96.50    3.19
 97  97.50    3.12
 98  98.50    3.66
 99  99.50    2.15
