  0   0.50   12.21
  1   1.50   19.54
  2   2.50   22.17
  3   3.50   23.67
  4   4.50   23.85
  5   5.50   22.87
  6   6.50   22.41
  7   7.50   18.94
  8   8.50   15.01
  9   9.50   12.57
 10  10.50   14.03
 11  11.50   20.46
 12  12.50   34.88
 13  13.50   52.62
 14  14.50   69.91
 15  15.50   85.49
 16  16.50   91.90
 17  17.50   88.17
 18  18.50   85.48
 19  19.50   83.83
 20  20.50   74.16
 21  21.50   66.21
 22  22.50   67.17
 23  23.50   67.51
 24  24.50   68.26
 25  25.50   81.70
 26  26.50  102.58
 27  27.50  128.49
 28  28.50  156.25
 29  29.50  182.59
 30  30.50  198.71
 31  31.50  202.28
 32  32.50  189.36
 33  33.50  169.72
 34  34.50  145.80
 35  35.50  121.86
 36  36.50   92.23
 37  37.50   60.82
 38  38.50   34.83
 39  39.50   20.03
 40  40.50   10.40
 41  41.50    6.05
 42  42.50    3.44
 43  43.50    1.39
 44  44.50    0.42
 45  45.50    0.37
 46  46.50    0.33
 47  47.50    0.21
 48  48.50    0.15
 49  49.50    0.00
 50  50.50    0.00
 51  51.50    0.00
 52  52.50    0.00
 53  53.50    0.00
 54  54.50    0.00
 55  55.50    0.00
 56  56.50    0.00
 57  57.50    0.00
 58  58.50    0.00
 59  59.50    0.00
 60  60.50    0.00
 61  61.50    0.00
 62  62.50    0.00
 63  63.50    0.07
 64  64.50    0.29
 65  65.50    1.14
 66  66.50    2.95
 67  67.50    5.90
 68  68.50   10.68
 69  69.50   18.63
 70  70.50   29.68
 71  71.50   43.47
 72  72.50   59.79
 73  73.50   74.46
 74  74.50   85.07
 75  75.50   96.66
 76  76.50  111.43
 77  77.50  120.70
 78  78.50  121.57
 79  79.50  122.05
 80  80.50  121.70
 81  81.50  115.37
 82  82.50  102.38
 83  83.50   90.12
 84  84.50   81.34
 85  85.50   72.65
 86  86.50   60.64
 87  87.50   48.59
 88  88.50   39.61
 89  89.50   31.56
 90  90.50   24.11
 91  91.50   17.21
 92  92.50   12.84
 93  93.50   10.46
 94  94.50    9.58
 95  95.50    8.48
 96  96.50    6.99
 97  97.50    5.82
 98  98.50    5.75
 99  99.50    3.44
