  0   0.50    0.00
  1   1.50    0.00
  2   2.50    0.00
  3   3.50    0.00
  4   4.50    0.00
  5   5.50    0.00
  6   6.50    0.00
  7   7.50    0.00
  8   8.50    0.00
  9   9.50    0.00
 10  10.50    0.00
 11  11.50    0.00
 12  12.50    0.00
 13  13.50    0.00
 14  14.50    0.00
 15  15.50    0.00
 16  16.50    0.01
 17  17.50    0.87
 18  18.50    2.09
 19  19.50    3.81
 20  20.50    6.11
 21  21.50    9.36
 22  22.50   14.03
 23  23.50   22.00
 24  24.50   33.75
 25  25.50   49.10
 26  26.50   69.25
 27  27.50   92.18
 28  28.50  113.13
 29  29.50  129.13
 30  30.50  137.44
 31  31.50  136.48
 32  32.50  129.36
 33  33.50  119.23
 34  34.50  106.92
 35  35.50   95.21
 36  36.50   85.43
 37  37.50   79.09
 38  38.50   75.73
 39  39.50   73.87
 40  40.50   72.20
 41  41.50   70.16
 42  42.50   66.85
 43  43.50   62.32
 44  44.50   57.49
 45  45.50   51.97
 46  46.50   46.70
 47  47.50   42.39
 48  48.50   38.62
 49  49.50   35.52
 50  50.50   33.19
 51  51.50   30.38
 52  52.50   26.95
 53  53.50   24.01
 54  54.50   21.94
 55  55.50   20.80
 56  56.50   20.91
 57  57.50   22.36
 58  58.50   24.23
 59  59.50   25.82
 60  60.50   26.77
 61  61.50   27.47
 62  62.50   27.62
 63  63.50   27.62
 64  64.50   27.14
 65  65.50   26.04
 66  66.50   24.99
 67  67.50   24.56
 68  68.50   24.22
 69  69.50   23.49
 70  70.50   22.66
 71  71.50   21.81
 72  72.50   21.01
 73  73.50   19.88
 74  74.50   18.43
 75  75.50   16.85
 76  76.50   15.28
 77  77.50   13.92
 78  78.50   12.71
 79  79.50   11.17
 80  80.50    9.62
 81  81.50    8.37
 82  82.50    7.10
 83  83.50    5.64
 84  84.50    4.02
 85  85.50    2.69
 86  86.50    1.82
 87  87.50    1.20
 88  88.50    0.67
 89  89.50    0.47
 90  90.50    0.48
 91  91.50    0.37
 92  92.50    0.20
 93  93.50    0.05
 94  94.50    0.00
 95  95.50    0.00
 96  96.50    0.08
 97  97.50    0.00
 98  98.50    0.00
 99  99.50    0.00
