  0  0.50  0.00
  1  1.50  0.00
  2  2.50  0.00
  3  3.50  0.00
  4  4.50  0.00
  5  5.50  0.00
  6  6.50  0.01
  7  7.50  0.13
  8  8.50  0.25
  9  9.50  0.37
 10 10.50  0.47
 11 11.50  0.39
 12 12.50  0.25
 13 13.50  0.16
 14 14.50  0.07
 15 15.50  0.00
 16 16.50  0.00
 17 17.50  0.00
 18 18.50  0.00
 19 19.50  0.00
 20 20.50  0.00
 21 21.50  0.00
 22 22.50  0.01
 23 23.50  0.13
 24 24.50  0.24
 25 25.50  0.35
 26 26.50  0.53
 27 27.50  0.86
 28 28.50  1.24
 29 29.50  1.63
 30 30.50  2.06
 31 31.50  2.56
 32 32.50  3.07
 33 33.50  3.64
 34 34.50  4.30
 35 35.50  5.35
 36 36.50  6.94
 37 37.50  9.05
 38 38.50 11.89
 39 39.50 16.20
 40 40.50 22.87
 41 41.50 32.23
 42 42.50 44.62
 43 43.50 60.24
 44 44.50 79.14
 45 45.50 99.28
 46 46.50 118.06
 47 47.50 134.05
 48 48.50 146.61
 49 49.50 154.78
 50 50.50 159.22
 51 51.50 161.42
 52 52.50 161.99
 53 53.50 160.68
 54 54.50 157.36
 55 55.50 151.77
 56 56.50 143.40
 57 57.50 131.45
 58 58.50 115.77
 59 59.50 97.50
 60 60.50 78.27
 61 61.50 59.86
 62 62.50 43.89
 63 63.50 31.26
 64 64.50 21.88
 65 65.50 15.27
 66 66.50 10.65
 67 67.50  7.43
 68 68.50  5.29
 69 69.50  3.81
 70 70.50  2.72
 71 71.50  1.90
 72 72.50  1.32
 73 73.50  0.88
 74 74.50  0.53
 75 75.50  0.29
 76 76.50  0.18
 77 77.50  0.10
 78 78.50  0.02
 79 79.50  0.00
 80 80.50  0.00
 81 81.50  0.00
 82 82.50  0.00
 83 83.50  0.00
 84 84.50  0.00
 85 85.50  0.00
 86 86.50  0.00
 87 87.50  0.00
 88 88.50  0.00
 89 89.50  0.00
 90 90.50  0.00
 91 91.50  0.00
 92 92.50  0.00
 93 93.50  0.00
 94 94.50  0.00
 95 95.50  0.00
 96 96.50  0.00
 97 97.50  0.00
 98 98.50  0.00
 99 99.50  0.00
