  0   0.50    0.00
  1   1.50   10.56
  2   2.50   28.59
  3   3.50   35.28
  4   4.50   37.44
  5   5.50   41.04
  6   6.50   39.57
  7   7.50   33.54
  8   8.50   28.59
  9   9.50   25.47
 10  10.50   20.79
 11  11.50   14.28
 12  12.50    9.96
 13  13.50    7.23
 14  14.50    6.18
 15  15.50    4.92
 16  16.50    3.51
 17  17.50    2.40
 18  18.50    2.67
 19  19.50    2.25
 20  20.50    0.75
 21  21.50    0.33
 22  22.50    0.15
 23  23.50    0.00
 24  24.50    0.00
 25  25.50    0.00
 26  26.50    0.00
 27  27.50    0.00
 28  28.50    0.00
 29  29.50    0.00
 30  30.50    0.00
 31  31.50    0.00
 32  32.50    0.00
 33  33.50    0.00
 34  34.50    0.00
 35  35.50    0.00
 36  36.50    0.00
 37  37.50    0.00
 38  38.50    0.00
 39  39.50    0.00
 40  40.50    0.00
 41  41.50    0.00
 42  42.50    0.00
 43  43.50    0.00
 44  44.50    0.00
 45  45.50    0.00
 46  46.50    0.00
 47  47.50    0.00
 48  48.50    0.00
 49  49.50    0.00
 50  50.50    0.00
 51  51.50    0.00
 52  52.50    0.00
 53  53.50    0.00
 54  54.50    0.00
 55  55.50    0.00
 56  56.50    0.00
 57  57.50    0.00
 58  58.50    0.00
 59  59.50    0.00
 60  60.50    0.00
 61  61.50    0.00
 62  62.50    0.00
 63  63.50    0.00
 64  64.50    0.00
 65  65.50    0.00
 66  66.50    0.00
 67  67.50    0.00
 68  68.50    0.00
 69  69.50    0.00
 70  70.50    0.00
 71  71.50    0.00
 72  72.50    0.00
 73  73.50    0.00
 74  74.50    0.00
 75  75.50    0.00
 76  76.50    0.00
 77  77.50    0.00
 78  78.50    0.00
 79  79.50    0.00
 80  80.50    0.00
 81  81.50    0.21
 82  82.50    1.74
 83  83.50    2.67
 84  84.50    5.16
 85  85.50    8.97
 86  86.50   13.74
 87  87.50   19.65
 88  88.50   28.35
 89  89.50   42.12
 90  90.50   61.38
 91  91.50   79.26
 92  92.50   90.45
 93  93.50  100.32
 94  94.50  108.00
 95  95.50  105.57
 96  96.50   87.54
 97  97.50   54.57
 98  98.50   16.02
 99  99.50    0.00
