  0  0.50  1.02
  1  1.50  2.04
  2  2.50  2.18
  3  3.50  2.00
  4  4.50  2.49
  5  5.50  3.46
  6  6.50  4.66
  7  7.50  6.19
  8  8.50  8.01
  9  9.50  9.82
 10 10.50 11.30
 11 11.50 12.68
 12 12.50 13.90
 13 13.50 14.70
 14 14.50 14.29
 15 15.50 12.55
 16 16.50  9.75
 17 17.50  6.86
 18 18.50  4.39
 19 19.50  2.65
 20 20.50  1.32
 21 21.50  0.40
 22 22.50  0.00
 23 23.50  0.00
 24 24.50  0.00
 25 25.50  0.00
 26 26.50  0.00
 27 27.50  0.00
 28 28.50  0.00
 29 29.50  0.23
 30 30.50  0.90
 31 31.50  1.66
 32 32.50  2.24
 33 33.50  2.67
 34 34.50  3.19
 35 35.50  4.06
 36 36.50  5.45
 37 37.50  7.72
 38 38.50 11.26
 39 39.50 17.02
 40 40.50 26.76
 41 41.50 42.90
 42 42.50 67.24
 43 43.50 98.12
 44 44.50 129.69
 45 45.50 158.20
 46 46.50 179.91
 47 47.50 191.50
 48 48.50 195.97
 49 49.50 200.09
 50 50.50 203.65
 51 51.50 203.11
 52 52.50 197.91
 53 53.50 189.09
 54 54.50 174.85
 55 55.50 155.48
 56 56.50 135.57
 57 57.50 117.65
 58 58.50 98.51
 59 59.50 77.30
 60 60.50 56.42
 61 61.50 38.51
 62 62.50 25.10
 63 63.50 16.37
 64 64.50 10.76
 65 65.50  6.98
 66 66.50  4.58
 67 67.50  3.08
 68 68.50  2.19
 69 69.50  1.71
 70 70.50  1.38
 71 71.50  1.07
 72 72.50  0.69
 73 73.50  0.33
 74 74.50  0.11
 75 75.50  0.00
 76 76.50  0.00
 77 77.50  0.00
 78 78.50  0.00
 79 79.50  0.00
 80 80.50  0.00
 81 81.50  0.00
 82 82.50  0.00
 83 83.50  0.00
 84 84.50  0.00
 85 85.50  0.00
 86 86.50  0.00
 87 87.50  0.00
 88 88.50  0.00
 89 89.50  0.00
 90 90.50  0.00
 91 91.50  0.00
 92 92.50  0.00
 93 93.50  0.00
 94 94.50  0.20
 95 95.50  0.44
 96 96.50  0.63
 97 97.50  0.94
 98 98.50  1.55
 99 99.50  1.45
