  0  0.50  0.00
  1  1.50  0.00
  2  2.50  0.00
  3  3.50  0.13
  4  4.50  0.60
  5  5.50  1.15
  6  6.50  1.69
  7  7.50  2.19
  8  8.50  2.57
  9  9.50  2.93
 10 10.50  3.25
 11 11.50  3.31
 12 12.50  3.05
 13 13.50  2.59
 14 14.50  1.96
 15 15.50  1.19
 16 16.50  0.45
 17 17.50  0.00
 18 18.50  0.00
 19 19.50  0.00
 20 20.50  0.00
 21 21.50  0.00
 22 22.50  0.00
 23 23.50  0.00
 24 24.50  0.00
 25 25.50  0.00
 26 26.50  0.00
 27 27.50  0.00
 28 28.50  0.00
 29 29.50  0.26
 30 30.50  0.77
 31 31.50  1.35
 32 32.50  1.90
 33 33.50  2.44
 34 34.50  3.08
 35 35.50  4.05
 36 36.50  5.53
 37 37.50  7.82
 38 38.50 11.50
 39 39.50 17.23
 40 40.50 26.00
 41 41.50 39.22
 42 42.50 58.53
 43 43.50 85.24
 44 44.50 116.85
 45 45.50 146.73
 46 46.50 169.88
 47 47.50 185.36
 48 48.50 194.03
 49 49.50 198.82
 50 50.50 202.52
 51 51.50 204.78
 52 52.50 204.47
 53 53.50 201.84
 54 54.50 196.85
 55 55.50 188.21
 56 56.50 175.33
 57 57.50 158.68
 58 58.50 137.72
 59 59.50 112.07
 60 60.50 84.82
 61 61.50 60.58
 62 62.50 41.30
 63 63.50 27.25
 64 64.50 17.94
 65 65.50 11.96
 66 66.50  7.92
 67 67.50  5.29
 68 68.50  3.58
 69 69.50  2.44
 70 70.50  1.77
 71 71.50  1.34
 72 72.50  0.98
 73 73.50  0.64
 74 74.50  0.35
 75 75.50  0.11
 76 76.50  0.01
 77 77.50  0.00
 78 78.50  0.00
 79 79.50  0.00
 80 80.50  0.00
 81 81.50  0.00
 82 82.50  0.00
 83 83.50  0.00
 84 84.50  0.00
 85 85.50  0.00
 86 86.50  0.00
 87 87.50  0.00
 88 88.50  0.00
 89 89.50  0.00
 90 90.50  0.00
 91 91.50  0.00
 92 92.50  0.00
 93 93.50  0.00
 94 94.50  0.00
 95 95.50  0.00
 96 96.50  0.00
 97 97.50  0.00
 98 98.50  0.00
 99 99.50  0.00
