  0  0.50 14.29
  1  1.50 24.25
  2  2.50 30.13
  3  3.50 33.28
  4  4.50 33.26
  5  5.50 32.94
  6  6.50 32.12
  7  7.50 30.99
  8  8.50 29.15
  9  9.50 27.32
 10 10.50 25.25
 11 11.50 22.30
 12 12.50 18.91
 13 13.50 17.01
 14 14.50 15.17
 15 15.50 12.71
 16 16.50 10.05
 17 17.50  8.48
 18 18.50  7.35
 19 19.50  6.27
 20 20.50  4.84
 21 21.50  3.63
 22 22.50  2.57
 23 23.50  1.50
 24 24.50  0.38
 25 25.50  0.00
 26 26.50  0.00
 27 27.50  0.00
 28 28.50  0.00
 29 29.50  0.00
 30 30.50  0.00
 31 31.50  0.00
 32 32.50  0.00
 33 33.50  0.00
 34 34.50  0.00
 35 35.50  0.00
 36 36.50  0.00
 37 37.50  0.00
 38 38.50  0.00
 39 39.50  0.00
 40 40.50  0.00
 41 41.50  0.00
 42 42.50  0.00
 43 43.50  0.00
 44 44.50  0.00
 45 45.50  0.00
 46 46.50  0.00
 47 47.50  0.32
 48 48.50  0.78
 49 49.50  1.26
 50 50.50  2.04
 51 51.50  3.19
 52 52.50  5.08
 53 53.50  8.22
 54 54.50 12.99
 55 55.50 19.73
 56 56.50 28.93
 57 57.50 40.22
 58 58.50 53.23
 59 59.50 67.45
 60 60.50 82.07
 61 61.50 95.73
 62 62.50 106.71
 63 63.50 114.19
 64 64.50 118.27
 65 65.50 119.17
 66 66.50 116.97
 67 67.50 112.02
 68 68.50 104.27
 69 69.50 93.54
 70 70.50 81.31
 71 71.50 69.10
 72 72.50 57.18
 73 73.50 45.42
 74 74.50 35.47
 75 75.50 27.89
 76 76.50 21.70
 77 77.50 16.58
 78 78.50 12.63
 79 79.50  9.66
 80 80.50  7.43
 81 81.50  5.94
 82 82.50  4.76
 83 83.50  3.76
 84 84.50  2.81
 85 85.50  2.06
 86 86.50  1.62
 87 87.50  1.20
 88 88.50  0.72
 89 89.50  0.32
 90 90.50  0.00
 91 91.50  0.00
 92 92.50  0.00
 93 93.50  0.00
 94 94.50  0.00
 95 95.50  0.00
 96 96.50  0.00
 97 97.50  0.00
 98 98.50  0.00
 99 99.50  0.00
