  0  0.50  79.83
  1  1.50 111.94
  2  2.50 114.64
  3  3.50 117.13
  4  4.50 119.13
  5  5.50 119.19
  6  6.50 116.67
  7  7.50 113.41
  8  8.50 106.72
  9  9.50  98.01
 10 10.50  89.78
 11 11.50  76.97
 12 12.50  61.23
 13 13.50  50.47
 14 14.50  41.54
 15 15.50  30.52
 16 16.50  21.76
 17 17.50  15.08
 18 18.50   9.88
 19 19.50   6.82
 20 20.50   4.73
 21 21.50   3.51
 22 22.50   4.29
 23 23.50   7.97
 24 24.50  17.88
 25 25.50  36.49
 26 26.50  62.43
 27 27.50  86.27
 28 28.50  94.13
 29 29.50  75.18
 30 30.50  41.19
 31 31.50  15.17
 32 32.50   5.00
 33 33.50   1.57
 34 34.50   0.08
 35 35.50   0.00
 36 36.50   0.00
 37 37.50   0.00
 38 38.50   0.00
 39 39.50   0.00
 40 40.50   0.00
 41 41.50   0.00
 42 42.50   0.00
 43 43.50   0.00
 44 44.50   0.00
 45 45.50   0.05
 46 46.50   0.96
 47 47.50   2.69
 48 48.50   3.98
 49 49.50   4.35
 50 50.50   5.62
 51 51.50  11.17
 52 52.50  22.28
 53 53.50  36.03
 54 54.50  50.32
 55 55.50  66.07
 56 56.50  85.47
 57 57.50 109.08
 58 58.50 135.18
 59 59.50 158.93
 60 60.50 172.86
 61 61.50 173.50
 62 62.50 168.02
 63 63.50 161.85
 64 64.50 151.29
 65 65.50 132.95
 66 66.50 110.37
 67 67.50  86.09
 68 68.50  63.84
 69 69.50  46.51
 70 70.50  34.58
 71 71.50  25.37
 72 72.50  18.14
 73 73.50  12.66
 74 74.50   8.96
 75 75.50   6.73
 76 76.50   5.68
 77 77.50   5.21
 78 78.50   4.64
 79 79.50   3.86
 80 80.50   3.01
 81 81.50   2.21
 82 82.50   1.50
 83 83.50   0.82
 84 84.50   0.36
 85 85.50   0.17
 86 86.50   0.12
 87 87.50   0.00
 88 88.50   0.00
 89 89.50   0.00
 90 90.50   0.00
 91 91.50   0.00
 92 92.50   0.00
 93 93.50   0.00
 94 94.50   0.00
 95 95.50   0.00
 96 96.50   0.00
 97 97.50   0.00
 98 98.50   0.00
 99 99.50   0.00
