  0  0.50 50.84
  1  1.50 65.93
  2  2.50 60.23
  3  3.50 57.96
  4  4.50 58.10
  5  5.50 56.48
  6  6.50 54.28
  7  7.50 50.47
  8  8.50 45.36
  9  9.50 40.33
 10 10.50 35.62
 11 11.50 31.25
 12 12.50 26.92
 13 13.50 23.31
 14 14.50 19.93
 15 15.50 16.48
 16 16.50 13.02
 17 17.50 10.64
 18 18.50  8.31
 19 19.50  5.81
 20 20.50  3.63
 21 21.50  2.90
 22 22.50  2.02
 23 23.50  0.47
 24 24.50  0.00
 25 25.50  0.00
 26 26.50  0.00
 27 27.50  0.00
 28 28.50  0.00
 29 29.50  0.00
 30 30.50  0.00
 31 31.50  0.00
 32 32.50  0.00
 33 33.50  0.00
 34 34.50  0.00
 35 35.50  0.00
 36 36.50  0.00
 37 37.50  0.00
 38 38.50  0.00
 39 39.50  0.00
 40 40.50  0.00
 41 41.50  0.00
 42 42.50  0.00
 43 43.50  0.00
 44 44.50  0.00
 45 45.50  0.00
 46 46.50  0.00
 47 47.50  0.37
 48 48.50  1.20
 49 49.50  2.34
 50 50.50  3.61
 51 51.50  5.11
 52 52.50  7.65
 53 53.50 12.05
 54 54.50 19.37
 55 55.50 30.54
 56 56.50 45.80
 57 57.50 66.13
 58 58.50 92.26
 59 59.50 121.00
 60 60.50 147.34
 61 61.50 168.27
 62 62.50 182.48
 63 63.50 189.77
 64 64.50 190.33
 65 65.50 184.53
 66 66.50 173.03
 67 67.50 156.49
 68 68.50 135.37
 69 69.50 111.33
 70 70.50 87.68
 71 71.50 67.37
 72 72.50 51.27
 73 73.50 38.55
 74 74.50 28.88
 75 75.50 21.67
 76 76.50 16.32
 77 77.50 12.17
 78 78.50  9.17
 79 79.50  7.21
 80 80.50  6.05
 81 81.50  5.20
 82 82.50  4.58
 83 83.50  4.09
 84 84.50  3.61
 85 85.50  2.96
 86 86.50  2.27
 87 87.50  1.63
 88 88.50  1.13
 89 89.50  0.65
 90 90.50  0.17
 91 91.50  0.00
 92 92.50  0.00
 93 93.50  0.00
 94 94.50  0.00
 95 95.50  0.00
 96 96.50  0.00
 97 97.50  0.00
 98 98.50  0.00
 99 99.50  0.00
