  0  0.50  0.00
  1  1.50  0.00
  2  2.50  0.00
  3  3.50  0.00
  4  4.50  0.00
  5  5.50  0.00
  6  6.50  0.08
  7  7.50  0.43
  8  8.50  0.69
  9  9.50  0.92
 10 10.50  1.10
 11 11.50  1.12
 12 12.50  0.99
 13 13.50  0.70
 14 14.50  0.25
 15 15.50  0.00
 16 16.50  0.00
 17 17.50  0.00
 18 18.50  0.00
 19 19.50  0.00
 20 20.50  0.00
 21 21.50  0.00
 22 22.50  0.00
 23 23.50  0.00
 24 24.50  0.00
 25 25.50  0.00
 26 26.50  0.00
 27 27.50  0.00
 28 28.50  0.31
 29 29.50  0.83
 30 30.50  1.35
 31 31.50  1.82
 32 32.50  2.32
 33 33.50  2.93
 34 34.50  3.64
 35 35.50  4.48
 36 36.50  5.66
 37 37.50  7.55
 38 38.50 10.52
 39 39.50 14.90
 40 40.50 21.73
 41 41.50 32.24
 42 42.50 47.60
 43 43.50 67.88
 44 44.50 92.54
 45 45.50 119.38
 46 46.50 144.29
 47 47.50 163.40
 48 48.50 176.04
 49 49.50 183.97
 50 50.50 188.82
 51 51.50 191.70
 52 52.50 192.60
 53 53.50 191.66
 54 54.50 188.78
 55 55.50 183.28
 56 56.50 174.03
 57 57.50 160.69
 58 58.50 142.91
 59 59.50 120.91
 60 60.50 96.26
 61 61.50 71.84
 62 62.50 50.60
 63 63.50 34.35
 64 64.50 23.04
 65 65.50 15.57
 66 66.50 10.63
 67 67.50  7.33
 68 68.50  5.06
 69 69.50  3.45
 70 70.50  2.33
 71 71.50  1.67
 72 72.50  1.25
 73 73.50  0.89
 74 74.50  0.57
 75 75.50  0.31
 76 76.50  0.12
 77 77.50  0.02
 78 78.50  0.00
 79 79.50  0.00
 80 80.50  0.00
 81 81.50  0.00
 82 82.50  0.00
 83 83.50  0.00
 84 84.50  0.00
 85 85.50  0.00
 86 86.50  0.00
 87 87.50  0.00
 88 88.50  0.00
 89 89.50  0.00
 90 90.50  0.00
 91 91.50  0.00
 92 92.50  0.00
 93 93.50  0.00
 94 94.50  0.00
 95 95.50  0.00
 96 96.50  0.00
 97 97.50  0.00
 98 98.50  0.00
 99 99.50  0.00
