  0  0.50  0.32
  1  1.50  0.63
  2  2.50  0.85
  3  3.50  1.22
  4  4.50  2.00
  5  5.50  2.82
  6  6.50  3.81
  7  7.50  4.76
  8  8.50  5.52
  9  9.50  6.17
 10 10.50  6.96
 11 11.50  7.51
 12 12.50  7.62
 13 13.50  7.20
 14 14.50  6.36
 15 15.50  5.05
 16 16.50  3.50
 17 17.50  2.01
 18 18.50  0.88
 19 19.50  0.23
 20 20.50  0.01
 21 21.50  0.00
 22 22.50  0.00
 23 23.50  0.00
 24 24.50  0.00
 25 25.50  0.00
 26 26.50  0.00
 27 27.50  0.00
 28 28.50  0.13
 29 29.50  0.53
 30 30.50  1.10
 31 31.50  1.69
 32 32.50  2.19
 33 33.50  2.69
 34 34.50  3.32
 35 35.50  4.28
 36 36.50  5.93
 37 37.50  8.56
 38 38.50 12.52
 39 39.50 18.67
 40 40.50 28.36
 41 41.50 43.05
 42 42.50 64.48
 43 43.50 93.04
 44 44.50 125.36
 45 45.50 155.83
 46 46.50 180.25
 47 47.50 195.98
 48 48.50 203.41
 49 49.50 206.76
 50 50.50 209.28
 51 51.50 210.02
 52 52.50 207.81
 53 53.50 203.27
 54 54.50 196.38
 55 55.50 185.08
 56 56.50 169.37
 57 57.50 151.42
 58 58.50 130.89
 59 59.50 106.27
 60 60.50 80.54
 61 61.50 57.63
 62 62.50 39.06
 63 63.50 25.47
 64 64.50 16.59
 65 65.50 10.83
 66 66.50  7.02
 67 67.50  4.66
 68 68.50  3.21
 69 69.50  2.24
 70 70.50  1.55
 71 71.50  1.14
 72 72.50  0.82
 73 73.50  0.50
 74 74.50  0.21
 75 75.50  0.05
 76 76.50  0.01
 77 77.50  0.00
 78 78.50  0.00
 79 79.50  0.00
 80 80.50  0.00
 81 81.50  0.00
 82 82.50  0.00
 83 83.50  0.00
 84 84.50  0.00
 85 85.50  0.00
 86 86.50  0.00
 87 87.50  0.00
 88 88.50  0.00
 89 89.50  0.00
 90 90.50  0.00
 91 91.50  0.00
 92 92.50  0.00
 93 93.50  0.00
 94 94.50  0.00
 95 95.50  0.00
 96 96.50  0.00
 97 97.50  0.00
 98 98.50  0.00
 99 99.50  0.00
