  0  0.50 62.88
  1  1.50 86.65
  2  2.50 85.68
  3  3.50 82.45
  4  4.50 78.18
  5  5.50 74.42
  6  6.50 71.57
  7  7.50 68.01
  8  8.50 64.59
  9  9.50 60.79
 10 10.50 56.61
 11 11.50 52.25
 12 12.50 48.06
 13 13.50 43.56
 14 14.50 38.81
 15 15.50 33.79
 16 16.50 28.90
 17 17.50 24.04
 18 18.50 18.15
 19 19.50 12.78
 20 20.50  8.88
 21 21.50  6.34
 22 22.50  4.56
 23 23.50  3.63
 24 24.50  3.59
 25 25.50  5.34
 26 26.50  7.23
 27 27.50  6.95
 28 28.50  4.60
 29 29.50  2.19
 30 30.50  0.64
 31 31.50  0.11
 32 32.50  0.00
 33 33.50  0.00
 34 34.50  0.00
 35 35.50  0.00
 36 36.50  0.00
 37 37.50  0.00
 38 38.50  0.00
 39 39.50  0.00
 40 40.50  0.00
 41 41.50  0.00
 42 42.50  0.00
 43 43.50  0.00
 44 44.50  0.00
 45 45.50  0.00
 46 46.50  0.13
 47 47.50  0.67
 48 48.50  1.61
 49 49.50  2.54
 50 50.50  3.51
 51 51.50  5.35
 52 52.50  9.49
 53 53.50 17.12
 54 54.50 28.60
 55 55.50 43.98
 56 56.50 63.73
 57 57.50 90.01
 58 58.50 122.36
 59 59.50 154.56
 60 60.50 179.61
 61 61.50 195.32
 62 62.50 203.40
 63 63.50 205.66
 64 64.50 202.99
 65 65.50 194.37
 66 66.50 178.63
 67 67.50 154.69
 68 68.50 125.46
 69 69.50 96.13
 70 70.50 71.09
 71 71.50 51.77
 72 72.50 38.02
 73 73.50 28.13
 74 74.50 20.88
 75 75.50 15.77
 76 76.50 12.34
 77 77.50  9.77
 78 78.50  7.83
 79 79.50  6.55
 80 80.50  5.75
 81 81.50  5.09
 82 82.50  4.39
 83 83.50  3.68
 84 84.50  3.02
 85 85.50  2.42
 86 86.50  1.87
 87 87.50  1.29
 88 88.50  0.75
 89 89.50  0.37
 90 90.50  0.16
 91 91.50  0.04
 92 92.50  0.00
 93 93.50  0.00
 94 94.50  0.00
 95 95.50  0.00
 96 96.50  0.00
 97 97.50  0.00
 98 98.50  0.00
 99 99.50  0.00
