  0   0.50   40.05
  1   1.50   36.36
  2   2.50   25.23
  3   3.50   36.18
  4   4.50   43.05
  5   5.50   44.64
  6   6.50   42.00
  7   7.50   36.63
  8   8.50   30.54
  9   9.50   25.38
 10  10.50   20.58
 11  11.50   15.72
 12  12.50   11.34
 13  13.50    8.46
 14  14.50    7.23
 15  15.50    5.85
 16  16.50    4.26
 17  17.50    2.55
 18  18.50    1.59
 19  19.50    0.99
 20  20.50    0.69
 21  21.50    0.27
 22  22.50    0.00
 23  23.50    0.00
 24  24.50    0.00
 25  25.50    0.00
 26  26.50    0.00
 27  27.50    0.00
 28  28.50    0.00
 29  29.50    0.00
 30  30.50    0.00
 31  31.50    0.00
 32  32.50    0.00
 33  33.50    0.00
 34  34.50    0.00
 35  35.50    0.00
 36  36.50    0.00
 37  37.50    0.00
 38  38.50    0.00
 39  39.50    0.00
 40  40.50    0.00
 41  41.50    0.00
 42  42.50    0.00
 43  43.50    0.00
 44  44.50    0.00
 45  45.50    0.00
 46  46.50    0.00
 47  47.50    0.00
 48  48.50    0.00
 49  49.50    0.00
 50  50.50    0.00
 51  51.50    0.00
 52  52.50    0.00
 53  53.50    0.00
 54  54.50    0.00
 55  55.50    0.00
 56  56.50    0.00
 57  57.50    0.00
 58  58.50    0.00
 59  59.50    0.00
 60  60.50    0.00
 61  61.50    0.00
 62  62.50    0.00
 63  63.50    0.00
 64  64.50    0.00
 65  65.50    0.00
 66  66.50    0.00
 67  67.50    0.00
 68  68.50    0.00
 69  69.50    0.00
 70  70.50    0.00
 71  71.50    0.00
 72  72.50    0.00
 73  73.50    0.00
 74  74.50    0.00
 75  75.50    0.00
 76  76.50    0.00
 77  77.50    0.00
 78  78.50    0.00
 79  79.50    0.00
 80  80.50    0.33
 81  81.50    1.47
 82  82.50    2.19
 83  83.50    3.27
 84  84.50    5.10
 85  85.50    7.41
 86  86.50   10.44
 87  87.50   15.24
 88  88.50   20.70
 89  89.50   25.68
 90  90.50   31.17
 91  91.50   38.55
 92  92.50   45.93
 93  93.50   51.42
 94  94.50   54.03
 95  95.50   53.25
 96  96.50   46.23
 97  97.50   33.12
 98  98.50   14.22
 99  99.50    0.00
