  0  0.50  0.19
  1  1.50  0.25
  2  2.50  0.32
  3  3.50  1.29
  4  4.50  3.17
  5  5.50  5.31
  6  6.50  7.58
  7  7.50  9.33
  8  8.50 11.26
  9  9.50 14.63
 10 10.50 19.47
 11 11.50 23.59
 12 12.50 28.72
 13 13.50 35.85
 14 14.50 41.14
 15 15.50 41.96
 16 16.50 40.56
 17 17.50 36.99
 18 18.50 30.33
 19 19.50 22.82
 20 20.50 16.15
 21 21.50 10.93
 22 22.50  7.30
 23 23.50  4.73
 24 24.50  2.82
 25 25.50  1.48
 26 26.50  0.67
 27 27.50  0.21
 28 28.50  0.04
 29 29.50  0.00
 30 30.50  0.00
 31 31.50  0.00
 32 32.50  0.00
 33 33.50  0.00
 34 34.50  0.00
 35 35.50  0.00
 36 36.50  0.00
 37 37.50  0.00
 38 38.50  0.00
 39 39.50  0.00
 40 40.50  0.00
 41 41.50  0.00
 42 42.50  0.00
 43 43.50  0.00
 44 44.50  0.00
 45 45.50  0.00
 46 46.50  0.00
 47 47.50  0.00
 48 48.50  0.00
 49 49.50  0.00
 50 50.50  0.00
 51 51.50  0.00
 52 52.50  0.00
 53 53.50  0.00
 54 54.50  0.00
 55 55.50  0.00
 56 56.50  0.00
 57 57.50  0.00
 58 58.50  0.00
 59 59.50  0.00
 60 60.50  0.00
 61 61.50  0.00
 62 62.50  0.00
 63 63.50  0.00
 64 64.50  0.00
 65 65.50  0.00
 66 66.50  0.00
 67 67.50  0.00
 68 68.50  0.28
 69 69.50  0.58
 70 70.50  0.76
 71 71.50  0.98
 72 72.50  1.44
 73 73.50  1.61
 74 74.50  1.77
 75 75.50  2.33
 76 76.50  3.72
 77 77.50  5.67
 78 78.50  8.22
 79 79.50 10.87
 80 80.50 14.26
 81 81.50 19.14
 82 82.50 25.90
 83 83.50 35.60
 84 84.50 49.07
 85 85.50 66.69
 86 86.50 86.47
 87 87.50 105.74
 88 88.50 123.11
 89 89.50 136.89
 90 90.50 143.95
 91 91.50 147.27
 92 92.50 149.54
 93 93.50 145.61
 94 94.50 136.47
 95 95.50 126.49
 96 96.50 112.44
 97 97.50 100.26
 98 98.50 85.65
 99 99.50 52.67
