  0   0.50   10.08
  1   1.50   30.18
  2   2.50   50.10
  3   3.50   64.98
  4   4.50   71.79
  5   5.50   70.26
  6   6.50   64.02
  7   7.50   54.33
  8   8.50   45.39
  9   9.50   36.00
 10  10.50   27.51
 11  11.50   20.46
 12  12.50   14.88
 13  13.50   10.53
 14  14.50    8.01
 15  15.50    6.21
 16  16.50    4.02
 17  17.50    2.40
 18  18.50    1.23
 19  19.50    0.69
 20  20.50    0.15
 21  21.50    0.00
 22  22.50    0.00
 23  23.50    0.00
 24  24.50    0.00
 25  25.50    0.00
 26  26.50    0.00
 27  27.50    0.00
 28  28.50    0.00
 29  29.50    0.00
 30  30.50    0.00
 31  31.50    0.00
 32  32.50    0.00
 33  33.50    0.00
 34  34.50    0.00
 35  35.50    0.00
 36  36.50    0.00
 37  37.50    0.00
 38  38.50    0.00
 39  39.50    0.00
 40  40.50    0.00
 41  41.50    0.00
 42  42.50    0.00
 43  43.50    0.00
 44  44.50    0.00
 45  45.50    0.00
 46  46.50    0.00
 47  47.50    0.00
 48  48.50    0.00
 49  49.50    0.00
 50  50.50    0.00
 51  51.50    0.00
 52  52.50    0.00
 53  53.50    0.00
 54  54.50    0.00
 55  55.50    0.00
 56  56.50    0.00
 57  57.50    0.00
 58  58.50    0.00
 59  59.50    0.00
 60  60.50    0.00
 61  61.50    0.00
 62  62.50    0.00
 63  63.50    0.00
 64  64.50    0.00
 65  65.50    0.00
 66  66.50    0.00
 67  67.50    0.00
 68  68.50    0.00
 69  69.50    0.00
 70  70.50    0.00
 71  71.50    0.00
 72  72.50    0.00
 73  73.50    0.00
 74  74.50    0.00
 75  75.50    0.00
 76  76.50    0.00
 77  77.50    0.00
 78  78.50    0.00
 79  79.50    0.00
 80  80.50    0.00
 81  81.50    0.48
 82  82.50    1.11
 83  83.50    1.47
 84  84.50    2.70
 85  85.50    5.22
 86  86.50    9.12
 87  87.50   14.16
 88  88.50   21.54
 89  89.50   31.38
 90  90.50   42.87
 91  91.50   57.09
 92  92.50   75.39
 93  93.50   94.68
 94  94.50  108.60
 95  95.50  114.12
 96  96.50  107.28
 97  97.50   82.98
 98  98.50   59.79
 99  99.50   34.80
