  0  0.50  0.00
  1  1.50  0.80
  2  2.50  3.53
  3  3.50  5.99
  4  4.50  6.40
  5  5.50  5.69
  6  6.50  6.26
  7  7.50  8.36
  8  8.50 13.16
  9  9.50 18.74
 10 10.50 22.62
 11 11.50 23.99
 12 12.50 26.32
 13 13.50 29.10
 14 14.50 31.94
 15 15.50 33.19
 16 16.50 32.84
 17 17.50 30.76
 18 18.50 26.74
 19 19.50 20.60
 20 20.50 14.43
 21 21.50 10.17
 22 22.50  7.13
 23 23.50  4.67
 24 24.50  2.84
 25 25.50  1.71
 26 26.50  1.04
 27 27.50  0.74
 28 28.50  0.39
 29 29.50  0.18
 30 30.50  0.06
 31 31.50  0.00
 32 32.50  0.00
 33 33.50  0.00
 34 34.50  0.00
 35 35.50  0.00
 36 36.50  0.00
 37 37.50  0.00
 38 38.50  0.00
 39 39.50  0.00
 40 40.50  0.00
 41 41.50  0.00
 42 42.50  0.00
 43 43.50  0.00
 44 44.50  0.00
 45 45.50  0.00
 46 46.50  0.00
 47 47.50  0.00
 48 48.50  0.00
 49 49.50  0.00
 50 50.50  0.00
 51 51.50  0.00
 52 52.50  0.00
 53 53.50  0.00
 54 54.50  0.00
 55 55.50  0.00
 56 56.50  0.00
 57 57.50  0.00
 58 58.50  0.00
 59 59.50  0.00
 60 60.50  0.00
 61 61.50  0.00
 62 62.50  0.00
 63 63.50  0.00
 64 64.50  0.00
 65 65.50  0.00
 66 66.50  0.00
 67 67.50  0.00
 68 68.50  0.00
 69 69.50  0.00
 70 70.50  0.00
 71 71.50  0.00
 72 72.50  0.00
 73 73.50  0.00
 74 74.50  0.00
 75 75.50  0.00
 76 76.50  0.57
 77 77.50  1.84
 78 78.50  4.02
 79 79.50  7.19
 80 80.50 11.46
 81 81.50 17.58
 82 82.50 25.53
 83 83.50 36.24
 84 84.50 49.68
 85 85.50 63.48
 86 86.50 76.19
 87 87.50 88.02
 88 88.50 96.76
 89 89.50 101.86
 90 90.50 105.71
 91 91.50 110.34
 92 92.50 115.45
 93 93.50 114.19
 94 94.50 107.08
 95 95.50 109.62
 96 96.50 130.24
 97 97.50 147.22
 98 98.50 143.73
 99 99.50 96.50
