  0  0.50 82.12
  1  1.50 112.36
  2  2.50 111.48
  3  3.50 110.60
  4  4.50 109.60
  5  5.50 108.23
  6  6.50 105.15
  7  7.50 99.89
  8  8.50 94.46
  9  9.50 87.08
 10 10.50 78.64
 11 11.50 69.25
 12 12.50 58.75
 13 13.50 47.46
 14 14.50 39.06
 15 15.50 31.97
 16 16.50 23.18
 17 17.50 15.16
 18 18.50 10.54
 19 19.50  8.01
 20 20.50  5.31
 21 21.50  3.89
 22 22.50  4.23
 23 23.50  7.42
 24 24.50 15.02
 25 25.50 27.85
 26 26.50 43.38
 27 27.50 54.06
 28 28.50 50.99
 29 29.50 34.39
 30 30.50 16.05
 31 31.50  5.55
 32 32.50  1.73
 33 33.50  0.35
 34 34.50  0.00
 35 35.50  0.00
 36 36.50  0.00
 37 37.50  0.00
 38 38.50  0.00
 39 39.50  0.00
 40 40.50  0.00
 41 41.50  0.00
 42 42.50  0.00
 43 43.50  0.00
 44 44.50  0.00
 45 45.50  0.00
 46 46.50  0.38
 47 47.50  1.30
 48 48.50  2.31
 49 49.50  3.07
 50 50.50  4.18
 51 51.50  7.38
 52 52.50 14.81
 53 53.50 26.61
 54 54.50 40.23
 55 55.50 54.58
 56 56.50 73.15
 57 57.50 99.58
 58 58.50 130.88
 59 59.50 160.03
 60 60.50 181.68
 61 61.50 192.46
 62 62.50 192.77
 63 63.50 187.48
 64 64.50 178.57
 65 65.50 163.39
 66 66.50 141.12
 67 67.50 114.20
 68 68.50 86.16
 69 69.50 62.20
 70 70.50 45.03
 71 71.50 32.98
 72 72.50 23.59
 73 73.50 16.66
 74 74.50 11.92
 75 75.50  8.72
 76 76.50  6.65
 77 77.50  5.46
 78 78.50  4.78
 79 79.50  4.21
 80 80.50  3.65
 81 81.50  2.94
 82 82.50  2.04
 83 83.50  1.19
 84 84.50  0.56
 85 85.50  0.18
 86 86.50  0.02
 87 87.50  0.00
 88 88.50  0.00
 89 89.50  0.00
 90 90.50  0.00
 91 91.50  0.00
 92 92.50  0.00
 93 93.50  0.00
 94 94.50  0.00
 95 95.50  0.00
 96 96.50  0.00
 97 97.50  0.00
 98 98.50  0.00
 99 99.50  0.00
