  0  0.50  0.14
  1  1.50  0.14
  2  2.50  0.33
  3  3.50  0.97
  4  4.50  1.55
  5  5.50  2.06
  6  6.50  3.32
  7  7.50  5.03
  8  8.50  7.20
  9  9.50  9.85
 10 10.50 13.69
 11 11.50 19.21
 12 12.50 25.98
 13 13.50 30.75
 14 14.50 32.70
 15 15.50 32.61
 16 16.50 30.71
 17 17.50 26.07
 18 18.50 20.07
 19 19.50 14.30
 20 20.50  9.82
 21 21.50  6.73
 22 22.50  4.82
 23 23.50  3.27
 24 24.50  1.99
 25 25.50  0.93
 26 26.50  0.36
 27 27.50  0.07
 28 28.50  0.00
 29 29.50  0.00
 30 30.50  0.00
 31 31.50  0.00
 32 32.50  0.00
 33 33.50  0.00
 34 34.50  0.00
 35 35.50  0.00
 36 36.50  0.00
 37 37.50  0.00
 38 38.50  0.00
 39 39.50  0.00
 40 40.50  0.00
 41 41.50  0.00
 42 42.50  0.00
 43 43.50  0.00
 44 44.50  0.00
 45 45.50  0.00
 46 46.50  0.00
 47 47.50  0.00
 48 48.50  0.00
 49 49.50  0.00
 50 50.50  0.00
 51 51.50  0.00
 52 52.50  0.00
 53 53.50  0.00
 54 54.50  0.00
 55 55.50  0.00
 56 56.50  0.00
 57 57.50  0.00
 58 58.50  0.00
 59 59.50  0.00
 60 60.50  0.00
 61 61.50  0.00
 62 62.50  0.00
 63 63.50  0.00
 64 64.50  0.00
 65 65.50  0.00
 66 66.50  0.00
 67 67.50  0.00
 68 68.50  0.00
 69 69.50  0.00
 70 70.50  0.00
 71 71.50  0.00
 72 72.50  0.00
 73 73.50  0.17
 74 74.50  0.66
 75 75.50  1.40
 76 76.50  2.11
 77 77.50  2.70
 78 78.50  3.52
 79 79.50  4.92
 80 80.50  7.24
 81 81.50 10.87
 82 82.50 15.82
 83 83.50 21.98
 84 84.50 30.47
 85 85.50 41.90
 86 86.50 55.91
 87 87.50 71.55
 88 88.50 87.53
 89 89.50 101.57
 90 90.50 113.51
 91 91.50 127.42
 92 92.50 141.86
 93 93.50 150.39
 94 94.50 150.84
 95 95.50 149.27
 96 96.50 140.89
 97 97.50 121.82
 98 98.50 97.17
 99 99.50 60.23
