  0  0.50 65.29
  1  1.50 88.59
  2  2.50 86.92
  3  3.50 86.37
  4  4.50 87.13
  5  5.50 88.04
  6  6.50 88.33
  7  7.50 86.43
  8  8.50 82.10
  9  9.50 75.98
 10 10.50 69.84
 11 11.50 62.97
 12 12.50 55.74
 13 13.50 48.65
 14 14.50 43.61
 15 15.50 38.66
 16 16.50 33.05
 17 17.50 25.90
 18 18.50 19.72
 19 19.50 14.73
 20 20.50 10.86
 21 21.50  7.69
 22 22.50  6.14
 23 23.50  6.73
 24 24.50  9.55
 25 25.50 14.69
 26 26.50 20.52
 27 27.50 23.43
 28 28.50 20.20
 29 29.50 12.75
 30 30.50  5.73
 31 31.50  1.92
 32 32.50  0.46
 33 33.50  0.05
 34 34.50  0.00
 35 35.50  0.00
 36 36.50  0.00
 37 37.50  0.00
 38 38.50  0.00
 39 39.50  0.00
 40 40.50  0.00
 41 41.50  0.00
 42 42.50  0.00
 43 43.50  0.00
 44 44.50  0.00
 45 45.50  0.00
 46 46.50  0.08
 47 47.50  0.56
 48 48.50  1.52
 49 49.50  2.57
 50 50.50  3.59
 51 51.50  5.61
 52 52.50 10.32
 53 53.50 18.51
 54 54.50 29.75
 55 55.50 43.77
 56 56.50 61.99
 57 57.50 86.57
 58 58.50 116.51
 59 59.50 146.05
 60 60.50 169.83
 61 61.50 186.43
 62 62.50 195.80
 63 63.50 198.07
 64 64.50 194.15
 65 65.50 183.90
 66 66.50 166.17
 67 67.50 142.48
 68 68.50 116.28
 69 69.50 89.35
 70 70.50 64.66
 71 71.50 46.09
 72 72.50 33.70
 73 73.50 24.69
 74 74.50 18.07
 75 75.50 13.38
 76 76.50 10.06
 77 77.50  7.79
 78 78.50  6.38
 79 79.50  5.56
 80 80.50  4.98
 81 81.50  4.42
 82 82.50  3.80
 83 83.50  3.14
 84 84.50  2.45
 85 85.50  1.91
 86 86.50  1.48
 87 87.50  1.11
 88 88.50  0.85
 89 89.50  0.63
 90 90.50  0.33
 91 91.50  0.06
 92 92.50  0.00
 93 93.50  0.00
 94 94.50  0.00
 95 95.50  0.00
 96 96.50  0.00
 97 97.50  0.00
 98 98.50  0.00
 99 99.50  0.00
