  0  0.50  2.25
  1  1.50  3.37
  2  2.50  3.41
  3  3.50  3.15
  4  4.50  2.81
  5  5.50  2.18
  6  6.50  1.37
  7  7.50  1.13
  8  8.50  2.01
  9  9.50  3.20
 10 10.50  4.72
 11 11.50  7.07
 12 12.50 10.61
 13 13.50 14.92
 14 14.50 19.25
 15 15.50 22.73
 16 16.50 25.58
 17 17.50 27.33
 18 18.50 27.00
 19 19.50 23.85
 20 20.50 18.02
 21 21.50 11.43
 22 22.50  6.33
 23 23.50  3.11
 24 24.50  1.19
 25 25.50  0.31
 26 26.50  0.13
 27 27.50  0.12
 28 28.50  0.00
 29 29.50  0.00
 30 30.50  0.00
 31 31.50  0.00
 32 32.50  0.00
 33 33.50  0.00
 34 34.50  0.00
 35 35.50  0.00
 36 36.50  0.00
 37 37.50  0.00
 38 38.50  0.00
 39 39.50  0.00
 40 40.50  0.00
 41 41.50  0.00
 42 42.50  0.00
 43 43.50  0.00
 44 44.50  0.00
 45 45.50  0.00
 46 46.50  0.00
 47 47.50  0.00
 48 48.50  0.00
 49 49.50  0.00
 50 50.50  0.00
 51 51.50  0.00
 52 52.50  0.00
 53 53.50  0.00
 54 54.50  0.00
 55 55.50  0.00
 56 56.50  0.00
 57 57.50  0.00
 58 58.50  0.00
 59 59.50  0.00
 60 60.50  0.00
 61 61.50  0.00
 62 62.50  0.00
 63 63.50  0.00
 64 64.50  0.00
 65 65.50  0.00
 66 66.50  0.00
 67 67.50  0.00
 68 68.50  0.00
 69 69.50  0.00
 70 70.50  0.00
 71 71.50  0.13
 72 72.50  0.27
 73 73.50  0.77
 74 74.50  1.13
 75 75.50  1.09
 76 76.50  0.89
 77 77.50  1.17
 78 78.50  1.67
 79 79.50  2.55
 80 80.50  3.65
 81 81.50  5.29
 82 82.50  7.96
 83 83.50 12.24
 84 84.50 18.74
 85 85.50 27.71
 86 86.50 39.51
 87 87.50 52.20
 88 88.50 64.98
 89 89.50 76.54
 90 90.50 84.14
 91 91.50 85.06
 92 92.50 81.64
 93 93.50 78.82
 94 94.50 77.74
 95 95.50 81.58
 96 96.50 86.58
 97 97.50 84.41
 98 98.50 78.03
 99 99.50 55.30
