  0  0.50  1.70
  1  1.50  2.31
  2  2.50  2.36
  3  3.50  2.74
  4  4.50  3.16
  5  5.50  4.16
  6  6.50  5.24
  7  7.50  6.65
  8  8.50  8.54
  9  9.50 11.75
 10 10.50 15.76
 11 11.50 20.70
 12 12.50 26.39
 13 13.50 32.56
 14 14.50 37.62
 15 15.50 39.88
 16 16.50 39.42
 17 17.50 36.69
 18 18.50 31.15
 19 19.50 23.17
 20 20.50 15.73
 21 21.50 10.39
 22 22.50  6.74
 23 23.50  4.37
 24 24.50  2.93
 25 25.50  1.88
 26 26.50  0.89
 27 27.50  0.37
 28 28.50  0.12
 29 29.50  0.00
 30 30.50  0.00
 31 31.50  0.00
 32 32.50  0.00
 33 33.50  0.00
 34 34.50  0.00
 35 35.50  0.00
 36 36.50  0.00
 37 37.50  0.00
 38 38.50  0.00
 39 39.50  0.00
 40 40.50  0.00
 41 41.50  0.00
 42 42.50  0.00
 43 43.50  0.00
 44 44.50  0.00
 45 45.50  0.00
 46 46.50  0.00
 47 47.50  0.00
 48 48.50  0.00
 49 49.50  0.00
 50 50.50  0.00
 51 51.50  0.00
 52 52.50  0.00
 53 53.50  0.00
 54 54.50  0.00
 55 55.50  0.00
 56 56.50  0.00
 57 57.50  0.00
 58 58.50  0.00
 59 59.50  0.00
 60 60.50  0.00
 61 61.50  0.00
 62 62.50  0.00
 63 63.50  0.00
 64 64.50  0.00
 65 65.50  0.00
 66 66.50  0.00
 67 67.50  0.00
 68 68.50  0.00
 69 69.50  0.00
 70 70.50  0.00
 71 71.50  0.00
 72 72.50  0.00
 73 73.50  0.13
 74 74.50  0.77
 75 75.50  1.30
 76 76.50  1.66
 77 77.50  2.32
 78 78.50  3.31
 79 79.50  4.75
 80 80.50  7.18
 81 81.50 11.05
 82 82.50 16.51
 83 83.50 23.56
 84 84.50 32.99
 85 85.50 45.73
 86 86.50 62.10
 87 87.50 80.39
 88 88.50 99.06
 89 89.50 115.62
 90 90.50 127.95
 91 91.50 136.02
 92 92.50 142.17
 93 93.50 146.10
 94 94.50 145.06
 95 95.50 135.24
 96 96.50 123.56
 97 97.50 114.64
 98 98.50 104.70
 99 99.50 69.20
