  0  0.50  0.00
  1  1.50  0.00
  2  2.50  2.29
  3  3.50  5.91
  4  4.50 10.07
  5  5.50 13.99
  6  6.50 16.59
  7  7.50 18.27
  8  8.50 20.26
  9  9.50 21.47
 10 10.50 21.14
 11 11.50 19.99
 12 12.50 18.72
 13 13.50 17.34
 14 14.50 15.51
 15 15.50 13.54
 16 16.50 11.85
 17 17.50  9.80
 18 18.50  7.50
 19 19.50  5.43
 20 20.50  4.00
 21 21.50  2.99
 22 22.50  2.44
 23 23.50  1.81
 24 24.50  1.28
 25 25.50  0.63
 26 26.50  0.35
 27 27.50  0.34
 28 28.50  0.23
 29 29.50  0.00
 30 30.50  0.00
 31 31.50  0.00
 32 32.50  0.00
 33 33.50  0.00
 34 34.50  0.00
 35 35.50  0.00
 36 36.50  0.00
 37 37.50  0.00
 38 38.50  0.00
 39 39.50  0.00
 40 40.50  0.00
 41 41.50  0.00
 42 42.50  0.00
 43 43.50  0.00
 44 44.50  0.00
 45 45.50  0.00
 46 46.50  0.00
 47 47.50  0.00
 48 48.50  0.00
 49 49.50  0.00
 50 50.50  0.00
 51 51.50  0.00
 52 52.50  0.00
 53 53.50  0.00
 54 54.50  0.00
 55 55.50  0.00
 56 56.50  0.00
 57 57.50  0.00
 58 58.50  0.00
 59 59.50  0.00
 60 60.50  0.00
 61 61.50  0.00
 62 62.50  0.00
 63 63.50  0.00
 64 64.50  0.00
 65 65.50  0.00
 66 66.50  0.00
 67 67.50  0.00
 68 68.50  0.00
 69 69.50  0.14
 70 70.50  0.30
 71 71.50  0.22
 72 72.50  0.32
 73 73.50  0.64
 74 74.50  1.36
 75 75.50  2.48
 76 76.50  3.79
 77 77.50  5.09
 78 78.50  6.71
 79 79.50  8.72
 80 80.50 11.09
 81 81.50 14.24
 82 82.50 18.60
 83 83.50 23.98
 84 84.50 29.62
 85 85.50 35.46
 86 86.50 41.40
 87 87.50 47.91
 88 88.50 54.62
 89 89.50 61.00
 90 90.50 66.92
 91 91.50 71.26
 92 92.50 73.79
 93 93.50 75.00
 94 94.50 74.55
 95 95.50 70.96
 96 96.50 63.61
 97 97.50 51.40
 98 98.50 39.78
 99 99.50 24.81
