  0  0.50  0.00
  1  1.50  1.29
  2  2.50  2.78
  3  3.50  3.90
  4  4.50  4.73
  5  5.50  6.52
  6  6.50  8.56
  7  7.50 10.30
  8  8.50 12.28
  9  9.50 15.34
 10 10.50 18.49
 11 11.50 22.21
 12 12.50 26.90
 13 13.50 30.85
 14 14.50 33.15
 15 15.50 34.06
 16 16.50 33.40
 17 17.50 30.90
 18 18.50 26.55
 19 19.50 21.81
 20 20.50 17.02
 21 21.50 12.14
 22 22.50  7.92
 23 23.50  5.24
 24 24.50  3.22
 25 25.50  1.78
 26 26.50  1.18
 27 27.50  0.67
 28 28.50  0.13
 29 29.50  0.00
 30 30.50  0.00
 31 31.50  0.00
 32 32.50  0.00
 33 33.50  0.00
 34 34.50  0.00
 35 35.50  0.00
 36 36.50  0.00
 37 37.50  0.00
 38 38.50  0.00
 39 39.50  0.00
 40 40.50  0.00
 41 41.50  0.00
 42 42.50  0.00
 43 43.50  0.00
 44 44.50  0.00
 45 45.50  0.00
 46 46.50  0.00
 47 47.50  0.00
 48 48.50  0.00
 49 49.50  0.00
 50 50.50  0.00
 51 51.50  0.00
 52 52.50  0.00
 53 53.50  0.00
 54 54.50  0.00
 55 55.50  0.00
 56 56.50  0.00
 57 57.50  0.00
 58 58.50  0.00
 59 59.50  0.00
 60 60.50  0.00
 61 61.50  0.00
 62 62.50  0.00
 63 63.50  0.00
 64 64.50  0.00
 65 65.50  0.00
 66 66.50  0.00
 67 67.50  0.00
 68 68.50  0.00
 69 69.50  0.00
 70 70.50  0.00
 71 71.50  0.00
 72 72.50  0.00
 73 73.50  0.26
 74 74.50  1.01
 75 75.50  2.18
 76 76.50  3.53
 77 77.50  5.18
 78 78.50  7.65
 79 79.50 11.44
 80 80.50 16.72
 81 81.50 24.04
 82 82.50 33.85
 83 83.50 47.88
 84 84.50 65.13
 85 85.50 84.28
 86 86.50 102.29
 87 87.50 117.43
 88 88.50 128.56
 89 89.50 136.38
 90 90.50 142.66
 91 91.50 145.16
 92 92.50 141.59
 93 93.50 136.68
 94 94.50 133.24
 95 95.50 128.80
 96 96.50 129.46
 97 97.50 132.54
 98 98.50 125.30
 99 99.50 82.79
